709715349	1285	959	1	other.other,0.000,0,0,961,1282,0.9997;	0.251696
671870226	401	600	2	other.logo,0.979,479,91,594,164,0.0349;other.text,0.892,377,220,476,262,0.0173;	0.253914
609257444	1124	1998	1	other.other,0.000,0,0,1994,1120,0.9944;	0.263285
687070551	1104	1104	1	vehicle.car,0.992,84,341,1078,787,0.3637;	0.269043
561107657	1280	720	1	other.other,0.000,0,0,717,1277,0.9935;	0.269286
551829456	960	1280	2	vehicle.car,0.960,115,0,1182,860,0.7468;other.text,0.952,532,722,840,797,0.0188;	0.276599
633181299	1597	1080	1	other.other,0.000,0,0,1082,1594,1.0000;	0.283046
487065043	657	440	3	person.body,0.999,336,144,430,459,0.1024;vehicle.car,0.925,71,353,440,608,0.3255;goods.clothes,0.861,352,198,429,316,0.0314;	0.290085
691810467	607	1080	2	person.face,0.953,700,124,852,255,0.0304;person.body,0.848,481,78,991,605,0.4100;	0.291998
691254790	678	678	1	vehicle.car,0.997,21,113,593,471,0.4455;	0.306112
490801374	2000	1124	1	vehicle.car,0.999,0,672,1066,1750,0.5112;	0.306612
623180280	960	960	3	vehicle.car,0.971,0,231,474,452,0.1137;vehicle.car,0.949,339,227,958,697,0.3157;vehicle.car,0.856,345,174,497,281,0.0176;	0.309287
688222455	1500	1125	1	other.other,0.000,0,0,1122,1497,0.9953;	0.310885
569065555	960	1080	2	vehicle.car,0.998,4,323,994,806,0.4612;person.body,0.981,262,177,361,365,0.0180;	0.318194
489296608	1079	1080	2	vehicle.car,0.996,0,394,1046,728,0.2998;vehicle.car,0.984,32,403,243,485,0.0148;	0.325914
584366842	960	1080	1	other.other,0.000,0,0,1078,960,0.9981;	0.368619
638504468	1124	1124	1	vehicle.motorbike,0.894,0,110,1122,984,0.7762;	0.372874
546656185	960	1290	1	person.body,0.996,874,436,1106,945,0.0954;	0.374057
555926894	1000	1000	1	vehicle.car,0.876,0,47,998,898,0.8493;	0.401863
608214254	1122	1500	1	other.other,0.000,0,0,1497,1122,0.9980;	0.401919
553805093	1125	1125	5	goods.shoe,0.999,224,965,404,1096,0.0186;person.body,0.997,171,114,532,1123,0.2878;goods.hat,0.996,235,114,422,215,0.0149;person.face,0.990,240,165,380,292,0.0140;goods.clothes,0.880,231,235,525,699,0.1078;	0.429423
603808466	1124	1687	1	vehicle.car,0.998,306,36,1358,593,0.3090;	0.434142
621470943	1280	960	1	vehicle.car,0.995,0,450,950,1122,0.5195;	0.434211
531963061	960	1280	1	other.other,0.000,0,0,1277,957,0.9945;	0.439812
709721533	1285	959	1	vehicle.car,0.999,15,384,838,1039,0.4374;	0.450091
713575036	909	1619	1	person.face,0.998,1002,278,1195,493,0.0282;	0.451865
490239023	960	1080	1	other.text,0.857,0,907,270,956,0.0128;	0.452373
672052900	1728	1296	2	vehicle.car,0.997,71,469,1293,1701,0.6723;other.logo,0.960,641,1363,847,1583,0.0202;	0.454058
709729188	1285	959	2	person.face,0.972,750,248,926,422,0.0249;vehicle.car,0.920,78,294,720,1109,0.4246;	0.455462
597722380	1423	1125	1	other.other,0.000,0,0,1120,1420,0.9935;	0.456908
594076655	1124	1129	1	vehicle.car,0.821,470,315,926,613,0.1071;	0.45984
508082315	1136	1136	1	vehicle.car,0.986,89,415,772,885,0.2487;	0.46336
610354426	1000	750	3	other.logo,0.987,271,646,389,758,0.0176;other.text,0.945,641,0,730,59,0.0070;vehicle.car,0.826,39,432,520,957,0.3367;	0.46725
689587340	1500	1124	1	other.other,0.000,0,0,1122,1497,0.9962;	0.475656
576215445	810	1080	1	vehicle.car,0.937,0,122,1078,686,0.6950;	0.476229
614150418	1441	1080	3	goods.shoe,0.993,245,1092,442,1210,0.0149;vehicle.car,0.933,113,616,1078,1227,0.3789;person.body,0.918,349,718,563,1160,0.0608;	0.479786
644392723	1531	1532	1	vehicle.car,0.865,236,497,1203,1131,0.2614;	0.480173
645213373	1500	1125	1	vehicle.car,0.834,18,234,1055,1008,0.4756;	0.482102
579472156	822	1098	1	other.other,0.000,0,0,1096,821,0.9970;	0.482131
599272938	1280	852	1	person.face,0.991,427,615,642,827,0.0418;	0.483571
608398527	1728	1728	2	vehicle.car,0.886,223,550,1421,1286,0.2953;vehicle.motorbike,0.823,0,459,1444,1255,0.3849;	0.484146
648504974	729	1296	1	other.other,0.926,364,116,921,618,0.2960;	0.486757
664278465	720	720	6	person.body,0.993,21,374,67,477,0.0091;vehicle.car,0.989,457,382,575,470,0.0200;person.body,0.970,626,364,685,477,0.0129;person.body,0.961,174,350,231,458,0.0119;vehicle.car,0.942,35,404,652,699,0.3511;person.body,0.833,394,361,440,457,0.0085;	0.488596
709714919	1285	959	1	vehicle.car,0.997,25,525,818,1004,0.3082;	0.489006
589733182	1124	1124	1	other.other,0.000,0,0,1122,1122,0.9964;	0.489427
614749519	1500	1124	1	vehicle.car,0.910,272,753,820,1166,0.1342;	0.489597
488529569	1125	1500	1	other.other,0.000,0,0,1497,1122,0.9953;	0.49142
663991748	960	1278	1	other.text,0.985,37,265,409,374,0.0330;	0.491937
722076410	1500	1125	1	other.other,0.000,0,0,1122,1497,0.9953;	0.492247
690399067	1124	1500	3	vehicle.car,0.998,205,773,1336,1122,0.2341;other.logo,0.927,1025,961,1239,1113,0.0193;other.logo,0.846,340,958,507,1087,0.0128;	0.495768
577091935	1124	1498	3	goods.clothes,0.939,193,442,869,1103,0.2654;person.body,0.894,176,184,848,1059,0.3492;goods.hat,0.834,357,249,635,611,0.0598;	0.496576
719076714	1500	1125	2	person.body,0.988,108,0,867,1497,0.6733;goods.shoe,0.977,756,1245,1061,1438,0.0349;	0.498436
690745376	996	750	3	vehicle.car,0.999,25,163,718,447,0.2635;vehicle.car,0.998,27,473,710,870,0.3630;other.text,0.872,702,471,753,566,0.0065;	0.498474
708834927	1348	1080	3	person.face,0.998,595,395,779,608,0.0269;person.body,0.967,371,266,1069,1309,0.5001;other.text,0.889,3,1211,324,1345,0.0295;	0.498661
621886071	1080	1080	2	vehicle.car,0.999,30,291,1036,989,0.6020;person.body,0.997,8,226,135,542,0.0344;	0.498724
625147010	507	800	1	other.other,0.837,320,138,513,420,0.1342;	0.498898
595624636	1125	1125	1	other.logo,0.961,486,187,613,341,0.0155;	0.499103
722013662	1125	1125	2	other.text,0.968,0,1017,257,1094,0.0156;goods.clothes,0.902,341,211,848,721,0.2043;	0.499139
722087159	1125	1125	2	goods.shoe,0.989,1000,853,1107,1070,0.0183;goods.shoe,0.975,855,782,1039,956,0.0253;	0.499255
512692557	960	1280	2	other.logo,0.952,377,432,632,660,0.0473;other.other,0.808,950,397,1152,620,0.0367;	0.499733
564851842	1500	1125	1	goods.bag,0.823,94,161,976,1450,0.6737;	0.499871
684568095	960	1280	1	other.other,0.000,0,0,1277,957,0.9945;	0.505052
548547524	1500	1125	1	other.other,0.000,0,0,1122,1497,0.9953;	0.509362
572919427	1500	2000	2	vehicle.car,0.997,547,152,875,352,0.0219;vehicle.car,0.996,773,148,1918,973,0.3149;	0.512818
614059081	1440	1080	2	vehicle.car,0.964,62,332,914,1021,0.3775;other.text,0.851,332,73,442,180,0.0076;	0.513466
549136311	752	1050	1	vehicle.car,0.934,27,0,999,749,0.9220;	0.525183
548217199	1500	1124	2	vehicle.car,0.973,29,144,905,929,0.4079;other.text,0.943,103,923,563,1377,0.1239;	0.526093
485138485	1776	1000	1	vehicle.car,0.909,0,628,867,1207,0.2827;	0.527002
513357045	720	960	1	other.other,0.000,0,0,958,718,0.9951;	0.530007
546605429	640	800	1	vehicle.car,0.996,0,170,788,489,0.4910;	0.533149
556537047	960	1278	1	vehicle.car,0.998,65,310,1228,759,0.4256;	0.535534
721991434	1080	1080	2	vehicle.car,1.000,59,544,1048,949,0.3434;goods.other,0.815,894,0,1006,327,0.0314;	0.540887
618332617	960	1280	3	vehicle.car,0.974,187,367,990,880,0.3352;other.logo,0.971,520,12,790,272,0.0571;other.text,0.942,505,750,1237,852,0.0608;	0.549586
617074094	720	960	1	vehicle.car,0.992,103,251,926,619,0.4382;	0.552611
587883097	1500	1125	3	vehicle.car,0.990,100,530,970,1225,0.3583;other.logo,0.975,519,149,823,439,0.0522;other.text,0.868,398,393,949,475,0.0268;	0.553079
599950174	1296	1728	1	vehicle.car,0.995,132,675,1620,1154,0.3183;	0.56711
686205220	1124	1685	3	person.body,0.996,681,319,984,724,0.0648;vehicle.car,0.988,313,487,1461,1083,0.3613;goods.clothes,0.938,721,418,905,632,0.0208;	0.569531
503901715	1500	1125	2	vehicle.car,0.995,32,530,979,1184,0.3670;person.body,0.913,832,489,926,677,0.0105;	0.572187
613337588	1200	800	1	goods.shoe,0.992,609,923,792,1069,0.0278;	0.574286
652302383	607	810	2	vehicle.car,0.907,28,139,647,547,0.5137;other.text,0.853,489,544,682,595,0.0200;	0.57543
615948911	765	750	3	person.body,0.996,424,164,704,629,0.2269;other.text,0.984,18,672,288,755,0.0391;goods.clothes,0.981,430,250,629,414,0.0569;	0.575824
639439632	1920	1080	1	other.other,0.000,0,0,1076,1916,0.9942;	0.576492
576388535	640	640	1	vehicle.car,1.000,36,274,414,509,0.2169;	0.578131
501780396	1024	1024	1	vehicle.car,1.000,8,410,802,840,0.3256;	0.579546
537858624	960	960	2	vehicle.car,0.995,148,276,797,782,0.3563;furniture.pottedplant,0.934,135,262,255,486,0.0292;	0.580032
589944492	1080	1080	1	vehicle.car,0.956,184,359,962,778,0.2795;	0.582409
673830710	1920	1080	2	vehicle.car,1.000,142,1009,1054,1541,0.2340;other.text,0.999,45,45,656,330,0.0840;	0.587712
586574469	1125	1500	1	other.other,0.000,0,0,1497,1122,0.9953;	0.589717
599454166	1998	1500	3	vehicle.car,1.000,0,702,1389,1249,0.2535;other.text,0.955,31,1350,324,1514,0.0160;other.text,0.854,1124,1272,1495,1487,0.0266;	0.591756
485873761	1124	1124	3	person.body,0.999,94,134,213,430,0.0279;vehicle.car,0.997,9,202,1065,1069,0.7247;goods.clothes,0.810,110,187,220,299,0.0098;	0.594976
609676963	1919	1080	1	vehicle.car,0.998,52,1061,948,1743,0.2948;	0.596769
671372846	960	1280	1	other.other,0.000,0,0,1277,957,0.9945;	0.599333
606840518	462	700	4	vehicle.car,0.995,243,130,648,373,0.3043;vehicle.car,0.982,48,107,398,362,0.2760;person.body,0.946,234,34,399,358,0.1653;goods.clothes,0.866,268,83,381,219,0.0475;	0.604211
564130468	720	960	1	vehicle.car,0.997,96,126,840,624,0.5360;	0.60717
549359663	840	1122	1	vehicle.car,0.997,278,287,760,765,0.2445;	0.61069
573520917	1539	1125	1	other.text,0.908,66,637,289,754,0.0151;	0.617419
636620563	525	700	1	vehicle.car,1.000,92,137,522,386,0.2913;	0.627081
514349158	1920	1080	3	goods.book,0.946,439,109,975,491,0.0987;vehicle.car,0.816,0,622,915,1391,0.3393;goods.shoe,0.806,11,1001,619,1414,0.1211;	0.627413
514730423	607	1080	1	other.other,0.000,0,0,1078,605,0.9949;	0.628602
535048853	1920	1080	2	vehicle.car,0.978,22,877,1076,1552,0.3431;other.logo,0.851,322,1136,559,1316,0.0206;	0.633363
605900161	1164	870	1	vehicle.car,0.999,0,441,762,780,0.2551;	0.642794
709721043	1285	959	1	vehicle.car,0.803,75,816,786,1029,0.1229;	0.658888
641497741	1350	1080	1	other.other,0.000,0,0,1084,1347,1.0015;	0.672062
688226252	1687	1124	1	vehicle.car,0.979,0,122,1018,1542,0.7624;	0.678252
492223454	1920	1080	1	vehicle.car,0.994,26,577,1027,1286,0.3423;	0.678876
566335290	700	700	2	vehicle.car,1.000,30,175,663,573,0.5142;other.text,0.982,51,530,176,573,0.0110;	0.684412
599670320	480	640	4	vehicle.car,0.996,31,45,602,404,0.6673;vehicle.car,0.910,176,47,284,99,0.0183;vehicle.car,0.890,76,57,192,110,0.0200;vehicle.car,0.819,275,52,621,224,0.1937;	0.687842
611818880	1500	1125	1	other.other,0.000,0,0,1122,1497,0.9953;	0.69579
533710453	828	1296	1	vehicle.car,0.936,63,89,957,645,0.4632;	0.700944
566716790	1824	1026	1	vehicle.car,0.997,25,1054,905,1774,0.3386;	0.704678
551141306	1280	960	2	other.text,0.986,0,80,335,277,0.0537;vehicle.car,0.876,0,350,957,1170,0.6386;	0.705724
591918802	1355	1296	2	person.body,0.975,122,175,474,1003,0.1660;goods.clothes,0.840,90,294,405,611,0.0569;	0.705822
495884673	753	1080	2	vehicle.car,1.000,6,21,880,643,0.6685;vehicle.car,0.828,795,656,937,726,0.0122;	0.710776
626025154	1280	960	2	vehicle.car,1.000,0,475,887,847,0.2685;vehicle.car,0.994,787,347,937,500,0.0187;	0.714102
620608602	1440	1080	1	other.logo,0.899,599,835,785,1133,0.0356;	0.715527
646657695	1124	1500	1	vehicle.car,1.000,372,354,1380,1058,0.4209;	0.718323
497882235	1124	1687	1	vehicle.car,0.998,72,178,1684,1130,0.8093;	0.719754
720928033	1080	1080	1	vehicle.car,0.999,32,584,975,991,0.3290;	0.719952
711162623	1536	1024	1	person.body,0.808,525,321,768,729,0.0630;	0.720151
534574180	1280	720	1	other.text,0.996,297,412,697,517,0.0456;	0.727066
592803267	1124	1687	1	vehicle.motorbike,0.886,119,96,1430,1071,0.6741;	0.728913
673173459	658	1130	1	vehicle.car,0.999,254,234,953,644,0.3854;	0.730112
586255919	750	750	1	vehicle.car,0.857,26,3,716,712,0.8697;	0.730734
536223970	1278	960	4	vehicle.car,0.997,32,262,277,384,0.0244;vehicle.car,0.968,12,412,719,1228,0.4702;vehicle.car,0.959,774,282,929,432,0.0190;vehicle.car,0.957,217,282,437,399,0.0210;	0.731527
618770825	810	1296	2	vehicle.car,0.847,101,157,1238,762,0.6553;other.text,0.809,504,443,777,562,0.0309;	0.733207
717972011	1080	1080	1	other.text,0.944,477,793,620,890,0.0119;	0.734286
557896205	640	640	1	vehicle.car,0.928,71,201,565,456,0.3075;	0.739446
578687257	852	852	1	vehicle.car,1.000,120,313,742,642,0.2819;	0.746913
583048278	1136	640	2	vehicle.car,0.945,0,517,619,810,0.2495;other.text,0.940,102,910,335,1107,0.0631;	0.748055
619601487	1334	750	1	vehicle.car,1.000,39,518,573,904,0.2060;	0.7533
547291830	1320	744	1	vehicle.car,1.000,31,508,737,1011,0.3616;	0.754067
720548534	1334	750	1	vehicle.car,0.999,0,472,748,1029,0.4164;	0.759988
573642960	1124	1124	2	vehicle.car,0.970,0,582,316,878,0.0740;vehicle.car,0.941,457,522,1109,940,0.2157;	0.760891
622493125	1125	1125	2	person.body,0.999,694,259,927,877,0.1138;goods.clothes,0.980,690,354,916,571,0.0387;	0.76212
497862040	611	640	3	vehicle.car,0.998,110,105,289,200,0.0435;vehicle.car,0.960,296,145,405,200,0.0153;vehicle.car,0.911,71,172,601,570,0.5394;	0.777803
542011295	1727	1296	1	vehicle.car,1.000,142,644,1218,1113,0.2255;	0.782878
555321193	1920	1080	2	vehicle.car,1.000,0,900,1031,1552,0.3242;other.text,0.945,150,1485,379,1725,0.0265;	0.787746
584647977	1600	1600	2	vehicle.car,0.998,753,547,1425,1106,0.1467;other.text,0.988,72,516,597,722,0.0422;	0.789622
500634433	719	1280	1	vehicle.car,0.983,415,42,1157,640,0.4821;	0.790324
550164400	1124	1286	4	person.body,0.987,78,20,201,229,0.0178;vehicle.car,0.968,35,146,1113,826,0.5071;goods.clothes,0.878,103,80,163,183,0.0043;other.other,0.855,1065,683,1201,874,0.0180;	0.791082
571074649	540	720	1	other.other,0.000,0,0,719,539,0.9968;	0.799103
646436649	640	640	1	vehicle.car,0.999,0,50,627,551,0.7669;	0.800015
560528994	640	640	1	vehicle.car,0.906,154,150,529,589,0.4019;	0.800521
535155242	810	1080	2	other.logo,0.940,162,57,333,240,0.0358;vehicle.car,0.892,133,314,987,595,0.2743;	0.80483
626841794	1125	1500	2	vehicle.car,0.999,67,756,691,979,0.0825;vehicle.car,0.998,835,773,1403,1025,0.0848;	0.809839
563207831	1656	1242	1	other.other,0.000,0,0,1239,1653,0.9958;	0.809957
559097124	1500	1125	1	other.other,0.000,0,0,1122,1497,0.9953;	0.811878
720928032	1350	1080	1	other.other,0.000,0,0,1084,1347,1.0015;	0.817963
612265032	640	640	2	vehicle.car,0.981,20,169,587,532,0.5025;other.text,0.867,442,434,524,549,0.0230;	0.821453
656696164	959	640	3	goods.shoe,0.988,493,830,612,953,0.0238;person.body,0.983,294,272,511,611,0.1199;person.body,0.931,249,230,611,918,0.4058;	0.82373
602398830	1500	1125	2	vehicle.car,0.971,59,384,1122,1283,0.5663;other.logo,0.865,794,791,961,1043,0.0249;	0.826977
513279521	1124	1500	2	vehicle.car,0.992,44,146,1453,1122,0.8156;other.logo,0.985,976,501,1189,609,0.0136;	0.830228
500435638	1500	1124	1	other.other,0.000,0,0,1122,1497,0.9962;	0.831976
633531595	640	640	1	vehicle.car,0.995,132,167,557,479,0.3237;	0.832481
533050712	768	768	1	vehicle.car,0.988,64,438,469,726,0.1978;	0.835695
617165871	1280	1278	2	vehicle.car,0.994,255,402,1232,1040,0.3810;other.logo,0.991,170,275,262,347,0.0040;	0.840663
626142286	720	1080	4	vehicle.car,0.998,0,211,221,405,0.0551;person.face,0.998,375,91,508,224,0.0227;person.body,0.998,259,40,631,658,0.2956;other.text,0.963,894,626,1048,724,0.0194;	0.841839
646093086	1500	1125	1	other.other,0.000,0,0,1122,1497,0.9953;	0.845747
498853566	996	748	2	vehicle.car,0.999,29,335,710,669,0.3053;other.text,0.979,200,860,691,924,0.0422;	0.849837
578992259	933	700	2	vehicle.car,0.999,341,131,530,199,0.0197;vehicle.car,0.989,168,148,290,220,0.0134;	0.852646
500885347	1280	960	1	vehicle.car,0.993,0,402,930,1072,0.5071;	0.860149
504858651	1125	1500	1	other.other,0.000,0,0,1497,1122,0.9953;	0.860458
657164294	678	678	3	person.body,0.976,229,42,283,146,0.0122;vehicle.car,0.961,489,60,654,151,0.0327;vehicle.car,0.912,50,170,677,556,0.5265;	0.862113
581958594	480	640	1	vehicle.car,0.999,55,66,539,440,0.5892;	0.868216
663997723	427	640	3	goods.shoe,0.989,84,291,159,412,0.0332;vehicle.car,0.802,187,101,584,376,0.3995;person.body,0.801,136,75,275,345,0.1373;	0.869316
595711373	1706	959	1	vehicle.car,0.998,20,973,920,1323,0.1925;	0.869464
541598783	1500	1124	1	vehicle.car,0.974,264,548,1066,1102,0.2635;	0.870461
603278732	864	1296	1	other.other,0.000,0,0,1293,868,1.0023;	0.87163
669212400	696	696	1	vehicle.car,1.000,77,295,636,568,0.3150;	0.872177
586839446	1125	1500	1	vehicle.car,0.994,67,483,1354,1087,0.4607;	0.872876
608189657	1500	1125	2	person.body,0.999,765,352,1040,1125,0.1260;goods.clothes,0.942,800,478,952,803,0.0293;	0.879033
618501977	960	1282	3	vehicle.car,0.999,796,598,1149,741,0.0410;other.text,0.995,215,320,386,378,0.0081;vehicle.car,0.993,100,568,734,849,0.1448;	0.886495
673175014	733	1174	1	vehicle.car,0.996,69,312,915,709,0.3903;	0.886774
570440153	534	800	3	other.text,0.997,281,411,513,461,0.0272;other.text,0.971,294,306,480,378,0.0313;person.body,0.804,364,8,609,292,0.1629;	0.890127
549343271	447	720	2	vehicle.car,0.994,177,80,664,352,0.4116;other.text,0.899,432,233,519,266,0.0089;	0.891052
493453950	1092	640	2	vehicle.car,1.000,87,565,563,896,0.2254;other.text,0.998,218,211,424,437,0.0666;	0.893085
543433356	839	840	1	vehicle.car,1.000,289,240,766,479,0.1618;	0.894263
681739455	1124	1500	3	vehicle.car,0.993,73,264,1348,674,0.3101;vehicle.car,0.973,858,108,1471,316,0.0756;other.logo,0.970,1113,451,1307,650,0.0229;	0.894972
547477160	1280	960	1	other.other,0.000,0,0,957,1277,0.9945;	0.895453
498341742	717	1278	2	other.text,0.940,966,502,1233,671,0.0492;person.body,0.863,557,200,666,384,0.0219;	0.897036
513353340	444	699	1	vehicle.car,0.994,64,216,433,440,0.2663;	0.897691
660124730	917	1440	2	vehicle.car,0.950,385,253,1437,894,0.5107;vehicle.car,0.838,762,211,1409,444,0.1142;	0.899489
569629959	436	670	2	other.text,0.940,4,389,213,434,0.0322;vehicle.car,0.931,209,0,296,46,0.0137;	0.900271
582634559	1500	1124	1	other.other,0.000,0,0,1122,1497,0.9962;	0.900918
593687024	480	640	2	vehicle.car,0.996,74,105,540,399,0.4460;vehicle.car,0.974,100,20,244,102,0.0384;	0.901254
687489650	450	800	1	goods.bag,0.899,36,103,528,370,0.3649;	0.902261
483113393	663	720	2	vehicle.car,0.997,11,60,661,550,0.6672;other.logo,0.915,141,271,208,322,0.0072;	0.902654
664812105	1125	1500	1	other.other,0.000,0,0,1497,1122,0.9953;	0.90297
671347002	852	1280	1	vehicle.car,1.000,90,400,1210,777,0.3872;	0.903054
696421392	567	639	2	vehicle.airplane,1.000,5,70,572,216,0.2285;vehicle.car,1.000,0,200,625,568,0.6348;	0.903935
624223308	1728	1296	1	other.other,0.000,0,0,1293,1725,0.9960;	0.904801
656350368	1124	1687	2	vehicle.car,0.999,178,613,1493,1084,0.3266;other.text,0.998,629,43,1074,214,0.0401;	0.905306
535050259	640	720	4	person.body,0.997,280,6,512,515,0.2563;goods.shoe,0.980,588,464,685,578,0.0240;goods.clothes,0.968,301,111,471,297,0.0686;person.body,0.827,425,3,662,620,0.3173;	0.90735
613274334	1920	1080	1	vehicle.car,1.000,0,1140,1065,1612,0.2424;	0.907672
532126528	1500	1125	2	vehicle.car,0.983,0,179,1096,1239,0.6885;other.logo,0.873,686,735,861,879,0.0149;	0.907727
479528682	607	1080	1	other.text,0.961,0,502,633,591,0.0859;	0.90787
659704951	960	1280	2	vehicle.car,1.000,510,415,1180,797,0.2083;other.text,0.867,52,462,237,625,0.0245;	0.907957
537689365	540	720	1	other.other,0.000,0,0,719,539,0.9968;	0.908138
549370869	1125	1500	5	other.sticker,0.999,1330,73,1447,231,0.0110;vehicle.car,0.998,105,290,1330,1028,0.5357;other.sticker,0.989,47,817,328,1037,0.0366;person.body,0.937,469,15,650,366,0.0376;person.body,0.914,659,0,823,393,0.0382;	0.909066
692773180	768	1024	1	vehicle.car,1.000,232,290,912,540,0.2162;	0.909382
592760106	1612	904	1	vehicle.car,1.000,79,765,822,1083,0.1621;	0.90948
686615465	960	1280	1	vehicle.car,1.000,182,250,1145,867,0.4835;	0.910542
587484994	1124	1500	1	other.other,0.000,0,0,1497,1122,0.9962;	0.910819
608626881	960	1280	3	vehicle.car,0.975,52,422,1240,822,0.3867;person.body,0.898,977,255,1052,430,0.0107;person.body,0.892,1115,232,1207,470,0.0178;	0.910842
614059455	1412	1056	1	other.other,0.000,0,0,1056,1409,0.9979;	0.912479
606234422	1125	1686	4	person.body,0.999,533,135,952,1074,0.2074;goods.clothes,0.998,580,211,919,701,0.0876;goods.clothes,0.997,603,510,896,1077,0.0876;vehicle.car,0.994,840,273,1495,899,0.2162;	0.913346
581081495	1500	1125	4	person.body,0.984,741,621,920,1263,0.0681;other.text,0.979,656,1254,1104,1447,0.0512;vehicle.car,0.959,97,735,894,1356,0.2933;person.body,0.877,32,609,123,835,0.0122;	0.914032
509773823	720	720	2	vehicle.car,0.999,94,276,703,599,0.3795;vehicle.car,0.968,586,269,699,367,0.0214;	0.914179
568726122	1136	640	1	goods.bag,0.921,13,606,610,912,0.2513;	0.914596
623468868	1494	1122	3	person.body,0.965,242,531,587,1001,0.0967;goods.shoe,0.942,146,998,502,1196,0.0421;vehicle.motorbike,0.914,58,712,1015,1325,0.3500;	0.915033
611574891	672	900	1	vehicle.car,0.971,121,204,747,617,0.4275;	0.915048
683269765	1280	720	2	other.text,0.996,20,130,355,235,0.0382;vehicle.bus,0.815,157,217,707,1122,0.5401;	0.9156
555160096	640	640	1	vehicle.car,0.999,34,134,585,637,0.6766;	0.917637
711040257	1440	1080	4	vehicle.boat,0.997,104,740,475,863,0.0293;vehicle.car,0.992,0,1249,644,1437,0.0778;other.text,0.950,84,939,520,1052,0.0317;vehicle.boat,0.934,616,858,953,1074,0.0468;	0.917863
534387048	960	1280	1	vehicle.car,0.993,135,387,792,905,0.2770;	0.920009
622065297	960	1280	2	vehicle.car,0.994,270,292,982,735,0.2567;other.text,0.969,2,222,142,332,0.0125;	0.921066
625145956	640	960	4	person.body,0.999,13,75,103,377,0.0442;vehicle.car,0.987,712,157,928,272,0.0404;vehicle.car,0.977,176,118,801,622,0.5127;goods.clothes,0.911,22,171,103,266,0.0125;	0.922688
584828351	640	640	1	vehicle.car,0.999,11,362,541,554,0.2484;	0.922747
500818543	1124	1500	1	vehicle.car,0.998,416,270,1497,1017,0.4789;	0.925031
569692187	700	700	1	vehicle.car,1.000,0,178,699,529,0.5007;	0.927078
650772491	600	798	1	other.other,0.000,0,0,796,597,0.9925;	0.927332
693360755	960	1438	1	vehicle.car,0.997,362,188,1435,854,0.5177;	0.928788
668040328	960	1080	1	other.other,0.000,0,0,1078,960,0.9981;	0.930191
672853785	1125	1500	2	vehicle.car,1.000,275,489,1072,844,0.1677;furniture.pottedplant,0.893,1242,495,1427,826,0.0363;	0.932384
683581474	1998	1124	1	vehicle.car,0.989,0,1073,1050,1467,0.1842;	0.933792
623764479	1280	960	2	vehicle.car,0.999,0,417,900,1257,0.6152;other.text,0.972,105,50,320,327,0.0485;	0.935106
616997387	519	800	5	person.body,0.998,416,38,636,483,0.2358;vehicle.car,0.966,127,81,592,458,0.4222;goods.clothes,0.955,455,94,609,298,0.0757;other.text,0.936,203,316,291,388,0.0153;goods.clothes,0.911,461,227,633,405,0.0737;	0.937446
577029750	1124	1500	1	vehicle.car,0.990,879,565,1497,929,0.1334;	0.940551
613180174	1422	1215	1	vehicle.car,0.915,103,331,1108,1222,0.5183;	0.940695
514131116	1920	1080	1	vehicle.car,0.999,19,1132,1050,1631,0.2481;	0.941008
479076477	1136	640	1	vehicle.car,0.985,13,506,637,754,0.2129;	0.942605
554393175	730	1296	1	vehicle.car,0.897,182,116,1099,633,0.5011;	0.946352
491543653	1138	640	1	vehicle.car,0.924,9,365,585,760,0.3124;	0.946425
628214027	960	1080	2	vehicle.car,0.962,158,327,981,833,0.4017;vehicle.motorbike,0.827,80,192,1034,886,0.6386;	0.947594
717972010	1080	1080	1	vehicle.car,1.000,205,506,958,937,0.2782;	0.949939
680935193	768	1023	2	vehicle.car,0.999,132,296,869,609,0.2936;other.text,0.994,38,671,260,727,0.0158;	0.950063
483600492	960	1280	1	other.other,0.000,0,0,1277,957,0.9945;	0.950092
634781521	1497	1125	1	vehicle.car,0.999,105,325,1117,1149,0.4951;	0.950508
575654462	2560	1438	1	other.other,0.000,0,0,1435,2555,0.9960;	0.951006
536914001	1124	1692	1	vehicle.car,0.998,284,516,995,886,0.1383;	0.951376
486494171	1136	640	1	vehicle.car,1.000,18,521,621,1021,0.4147;	0.954538
490383688	1124	1500	1	vehicle.car,0.991,146,170,1386,955,0.5773;	0.955177
545759827	1920	1080	3	person.body,0.999,210,487,787,1687,0.3339;goods.clothes,0.992,442,701,634,1065,0.0337;goods.shoe,0.945,559,1504,817,1845,0.0424;	0.956272
549344008	1281	720	1	person.body,0.910,148,423,283,633,0.0307;	0.956543
617071619	768	1024	1	other.other,0.000,0,0,1022,766,0.9954;	0.957854
628574407	1440	1080	1	vehicle.car,1.000,112,517,1072,1086,0.3512;	0.959143
495731419	640	720	3	person.body,0.994,294,152,447,502,0.1162;goods.clothes,0.984,300,224,446,397,0.0548;vehicle.car,0.930,330,255,682,543,0.2200;	0.959706
680927520	768	1023	1	vehicle.car,1.000,168,304,885,653,0.3185;	0.961318
671524336	1500	1125	1	vehicle.car,0.951,64,574,896,1242,0.3293;	0.962158
680401814	1920	1080	1	vehicle.car,1.000,37,967,960,1436,0.2088;	0.962457
631417806	972	1296	1	other.other,0.000,0,0,1293,969,0.9946;	0.962723
557594807	1125	1500	1	vehicle.car,1.000,117,258,1266,1011,0.5127;	0.962768
611053079	727	1296	1	other.other,0.000,0,0,1293,726,0.9963;	0.963145
709860839	1280	720	2	other.text,0.996,55,92,362,437,0.1149;vehicle.bus,0.851,122,215,717,1090,0.5649;	0.963373
721771075	960	1277	3	person.body,0.911,531,444,823,928,0.1153;vehicle.bus,0.871,5,232,1275,870,0.6609;goods.clothes,0.804,566,556,743,736,0.0260;	0.964036
508671005	2000	1124	1	vehicle.car,0.998,98,879,1082,1473,0.2600;	0.964303
602513773	1275	720	2	person.body,0.850,501,60,665,398,0.0604;person.body,0.840,369,82,515,458,0.0598;	0.964533
559535361	852	1280	1	vehicle.car,1.000,402,380,1140,782,0.2720;	0.964997
609796038	1125	1500	1	vehicle.car,0.998,0,375,1474,987,0.5346;	0.966349
505114637	1580	1080	2	vehicle.car,0.998,0,901,1083,1577,0.4290;vehicle.car,0.997,102,0,963,472,0.2382;	0.966467
557043779	600	800	1	vehicle.car,0.999,350,305,773,498,0.1701;	0.966581
538782859	693	1080	1	vehicle.car,0.987,253,101,960,523,0.3986;	0.966849
691247140	636	636	1	vehicle.car,0.993,21,199,426,481,0.2824;	0.967412
547477344	1280	960	1	vehicle.car,0.993,20,257,885,1197,0.6617;	0.968008
493047631	1125	1500	1	vehicle.car,0.851,29,185,1374,908,0.5763;	0.968921
609844143	2160	1440	1	other.other,0.000,0,0,1447,2156,1.0030;	0.970052
555998250	1920	1080	2	vehicle.car,1.000,169,836,997,1380,0.2172;other.text,0.988,619,105,772,487,0.0282;	0.970206
616965799	640	640	1	vehicle.car,0.984,0,211,631,481,0.4159;	0.970244
523649814	961	720	1	other.other,0.000,0,0,719,959,0.9965;	0.970324
571109982	1563	1173	1	other.other,0.000,0,0,1169,1560,0.9947;	0.970584
579710354	972	1728	1	vehicle.car,0.992,0,189,1674,861,0.6698;	0.970759
513408309	1920	1080	2	vehicle.car,1.000,0,739,990,1522,0.3738;other.sticker,0.992,735,176,997,521,0.0436;	0.970796
673818862	1124	1500	2	vehicle.car,1.000,234,621,973,1008,0.1696;other.text,0.936,844,23,981,615,0.0481;	0.970896
605908207	863	1296	1	vehicle.car,0.996,76,243,1177,681,0.4312;	0.971051
675308848	852	1280	3	person.body,0.971,357,140,540,847,0.1186;person.body,0.964,217,385,327,632,0.0249;person.body,0.898,1147,355,1252,667,0.0300;	0.971165
613526132	692	834	1	vehicle.car,1.000,210,134,629,539,0.2940;	0.97135
512700676	1124	1500	1	vehicle.car,1.000,108,123,1403,1096,0.7474;	0.97268
660066308	729	1089	3	vehicle.car,1.000,447,336,1076,730,0.3122;person.body,0.990,413,300,545,559,0.0431;other.logo,0.987,653,504,849,647,0.0353;	0.972749
574114401	1080	1440	7	vehicle.car,0.999,217,191,1271,951,0.5151;person.body,0.988,59,25,250,523,0.0612;person.body,0.981,278,28,467,453,0.0516;person.body,0.978,385,45,548,422,0.0395;person.body,0.957,498,59,619,360,0.0234;person.body,0.942,172,34,335,487,0.0475;goods.clothes,0.919,1263,121,1353,273,0.0088;	0.972797
559630834	900	600	1	vehicle.car,1.000,2,429,591,858,0.4679;	0.973129
694169166	1124	1685	2	person.body,0.992,194,234,599,1129,0.1914;goods.clothes,0.979,188,405,619,777,0.0847;	0.973561
513313447	1920	1080	1	vehicle.car,0.995,225,547,1076,1537,0.4063;	0.973589
601896724	960	1280	1	vehicle.car,1.000,302,477,1122,887,0.2736;	0.973972
650218176	1500	1125	1	vehicle.car,0.994,67,583,1046,1242,0.3823;	0.974257
574326991	872	1552	1	vehicle.car,0.970,570,424,1228,785,0.1755;	0.974383
540483762	1280	960	1	vehicle.car,0.984,22,582,917,997,0.3023;	0.974472
591768732	1713	1125	3	goods.clothes,0.995,485,575,776,940,0.0551;person.body,0.972,418,328,806,1676,0.2714;goods.clothes,0.909,462,616,790,1710,0.1862;	0.974925
645312894	1334	750	1	goods.bag,0.807,0,620,532,1113,0.2621;	0.975367
495561955	640	640	1	vehicle.car,0.999,0,289,597,539,0.3644;	0.975667
556432941	640	720	1	vehicle.car,0.998,135,292,719,506,0.2712;	0.976263
589640200	1125	1898	2	vehicle.car,0.999,130,634,1342,1019,0.2185;person.body,0.807,1264,604,1475,982,0.0374;	0.976416
575300174	972	1728	1	vehicle.car,0.828,462,233,874,537,0.0746;	0.97668
490269908	1125	1500	3	vehicle.car,1.000,1020,419,1471,850,0.1152;vehicle.car,0.998,0,407,504,832,0.1269;vehicle.car,0.998,583,451,1031,820,0.0980;	0.977334
626413507	433	650	1	vehicle.car,1.000,37,36,560,395,0.6671;	0.97773
485767906	810	1080	1	vehicle.car,0.980,101,192,970,789,0.5930;	0.977856
721991433	1349	1080	2	other.text,0.976,34,722,271,867,0.0236;vehicle.car,0.820,0,480,785,1220,0.3987;	0.978475
572165459	1920	1080	3	vehicle.car,0.993,64,885,1076,1451,0.2762;other.text,0.992,315,664,926,870,0.0607;other.text,0.968,334,150,656,367,0.0337;	0.979153
690335958	626	750	4	vehicle.car,1.000,123,193,649,480,0.3215;other.text,0.999,346,0,740,146,0.1225;other.text,0.979,612,563,721,615,0.0121;other.text,0.942,365,144,712,185,0.0303;	0.979381
650697538	810	1080	1	vehicle.car,1.000,53,171,981,624,0.4805;	0.980143
485778434	685	1024	2	vehicle.car,0.999,0,220,990,574,0.4996;other.logo,0.982,778,402,908,550,0.0274;	0.980313
562908707	929	1242	2	vehicle.car,0.996,0,112,1004,810,0.6074;other.text,0.911,39,369,189,507,0.0179;	0.980399
512115752	2248	1684	1	other.other,0.000,0,0,1682,2244,0.9970;	0.980593
546950061	592	1056	1	vehicle.car,0.998,266,165,819,507,0.3025;	0.980821
626263104	736	1180	3	vehicle.car,0.989,104,201,855,643,0.3822;other.text,0.942,28,21,131,88,0.0079;other.text,0.914,906,9,1152,71,0.0176;	0.980952
641898941	843	1080	1	vehicle.car,0.986,44,367,937,715,0.3413;	0.981109
692536717	1500	1080	2	vehicle.car,1.000,6,141,979,513,0.2234;vehicle.car,0.997,70,290,1017,1421,0.6611;	0.981296
548541928	1125	1500	2	vehicle.car,0.999,322,278,1192,788,0.2629;other.text,0.930,67,193,319,357,0.0245;	0.9814
612673935	960	1706	1	vehicle.car,1.000,300,427,1369,840,0.2696;	0.981796
548586846	720	720	2	vehicle.car,0.986,11,145,679,682,0.6920;other.text,0.939,1,484,76,529,0.0065;	0.98277
531886710	640	640	1	vehicle.car,1.000,24,257,617,476,0.3171;	0.982949
535923618	800	1278	1	other.other,0.000,0,0,1276,796,0.9934;	0.982967
534459491	1124	1500	1	vehicle.car,1.000,120,352,1213,838,0.3151;	0.983379
674118787	1080	1614	4	vehicle.car,1.000,195,517,1043,1028,0.2486;other.sticker,1.000,1236,334,1611,886,0.1188;person.body,0.976,738,511,996,738,0.0336;other.text,0.923,82,63,224,552,0.0398;	0.983687
560370210	405	639	3	vehicle.car,1.000,121,80,588,338,0.4656;other.text,0.933,12,338,81,398,0.0160;other.logo,0.850,190,85,257,159,0.0192;	0.983854
614504215	479	720	2	vehicle.car,0.996,105,94,571,391,0.4013;other.logo,0.990,94,41,197,108,0.0200;	0.98419
592538626	1124	1500	2	vehicle.car,0.990,943,504,1477,820,0.1001;other.logo,0.964,1093,656,1251,823,0.0157;	0.984413
691256712	558	750	1	vehicle.car,0.999,38,237,625,473,0.3310;	0.984544
586204241	1125	1815	2	other.text,0.995,996,705,1631,1017,0.0970;vehicle.car,0.925,113,315,1010,925,0.2680;	0.984652
561087975	1124	1500	2	vehicle.car,0.999,64,498,1119,1096,0.3742;other.sticker,0.965,135,299,360,577,0.0371;	0.984705
482949995	1500	1125	2	person.body,0.997,938,814,1081,1040,0.0192;vehicle.car,0.976,21,735,899,1456,0.3751;	0.984713
688683854	640	640	1	vehicle.car,0.999,236,247,610,484,0.2164;	0.98478
495225214	1500	1125	1	vehicle.car,0.973,211,302,987,1251,0.4364;	0.985015
543788247	720	720	1	vehicle.car,0.999,39,294,705,636,0.4394;	0.985344
687388871	872	1136	1	vehicle.car,0.999,142,78,1016,604,0.4641;	0.985378
631926388	1403	788	3	vehicle.car,0.999,181,1008,617,1359,0.1384;vehicle.car,0.997,192,578,603,866,0.1071;vehicle.car,0.993,200,110,638,438,0.1299;	0.985558
638250175	1124	1500	1	other.other,0.000,0,0,1497,1122,0.9962;	0.98555
616785072	960	640	1	other.other,0.000,0,0,643,958,1.0026;	0.986237
588497204	1996	1124	1	vehicle.car,0.999,129,1033,1021,1298,0.1054;	0.9863
589906700	592	792	3	vehicle.car,0.998,96,221,735,571,0.4770;other.logo,0.994,555,371,654,446,0.0158;other.text,0.900,28,56,226,257,0.0849;	0.986681
611418003	972	1296	3	vehicle.car,0.999,142,225,1142,815,0.4684;person.body,0.955,1012,119,1223,473,0.0593;goods.clothes,0.805,1050,172,1174,385,0.0210;	0.98674
669593470	632	1127	3	other.text,0.996,742,414,1081,592,0.0847;person.body,0.981,550,121,643,359,0.0311;vehicle.car,0.980,207,249,636,431,0.1096;	0.986787
516460377	1124	1687	3	person.body,0.983,936,181,1203,725,0.0766;vehicle.motorbike,0.955,550,273,1400,1054,0.3501;vehicle.car,0.819,662,418,1371,946,0.1974;	0.987016
687553161	1124	1500	3	vehicle.car,1.000,398,609,1339,984,0.2093;other.text,0.998,979,199,1415,366,0.0432;other.text,0.990,138,492,545,586,0.0227;	0.98736
646689683	853	960	1	vehicle.car,0.999,49,358,861,699,0.3381;	0.987853
545893806	1280	960	1	other.other,0.000,0,0,957,1277,0.9945;	0.988429
675889292	977	1002	1	vehicle.car,1.000,121,427,906,849,0.3384;	0.988436
532806618	1500	1124	2	other.logo,0.911,835,776,1002,885,0.0108;other.text,0.848,691,1090,1081,1204,0.0264;	0.98913
551487407	640	640	1	vehicle.car,0.999,131,251,510,541,0.2683;	0.989193
685163940	972	1296	1	other.other,0.000,0,0,1293,969,0.9946;	0.989319
640405871	1125	1500	2	vehicle.car,1.000,378,410,1017,782,0.1409;other.logo,0.906,876,592,1011,729,0.0110;	0.989358
569806181	450	720	1	vehicle.car,1.000,122,187,613,394,0.3137;	0.989482
585608984	1125	1500	1	other.other,0.000,0,0,1497,1122,0.9953;	0.989838
631224582	1920	1080	2	vehicle.car,1.000,41,1204,829,1616,0.1566;other.text,0.987,281,484,761,724,0.0556;	0.989885
541712800	810	1080	1	vehicle.car,0.993,135,146,975,656,0.4897;	0.990092
494347690	776	1164	3	vehicle.car,0.998,600,411,1112,693,0.1598;vehicle.car,0.994,89,457,598,696,0.1347;person.body,0.993,550,311,671,680,0.0494;	0.990336
688775573	1125	2000	2	vehicle.car,1.000,695,422,1594,1051,0.2513;other.text,0.966,105,0,270,74,0.0054;	0.990539
613712777	1124	1999	1	other.other,0.000,0,0,1995,1121,0.9953;	0.990701
667725882	1920	1080	1	vehicle.car,1.000,210,1076,844,1654,0.1767;	0.990751
689468399	532	800	2	vehicle.car,0.998,64,175,639,477,0.4080;person.body,0.882,250,92,336,228,0.0275;	0.990807
692884223	648	1152	1	vehicle.car,0.996,0,169,1105,549,0.5625;	0.990906
558784872	640	960	1	vehicle.car,0.841,51,217,797,510,0.3558;	0.991047
679059843	1147	1124	2	person.body,0.999,197,446,332,862,0.0436;vehicle.car,0.994,305,616,1098,1006,0.2399;	0.991427
513264110	1124	1500	1	other.other,0.000,0,0,1497,1122,0.9962;	0.991774
479517520	1280	960	2	vehicle.car,0.999,47,410,877,1130,0.4863;other.logo,0.988,122,192,350,347,0.0288;	0.992056
687154321	396	532	1	other.other,0.000,0,0,531,398,1.0032;	0.992285
608992087	1280	960	2	vehicle.car,0.999,130,507,840,807,0.1733;electronics.monitor,0.908,80,352,395,537,0.0474;	0.992426
652336883	1125	1500	2	vehicle.car,0.998,85,349,1400,902,0.4309;other.text,0.903,1172,782,1371,958,0.0208;	0.992637
626635024	1125	1500	1	vehicle.car,0.999,305,568,1444,1072,0.3402;	0.992664
588464333	960	720	1	vehicle.car,1.000,58,394,718,714,0.3056;	0.992667
584617882	450	720	1	vehicle.car,1.000,149,104,667,427,0.5164;	0.992735
569802414	450	720	2	vehicle.car,1.000,124,204,593,388,0.2663;other.text,0.986,77,45,359,103,0.0505;	0.992872
717972067	1349	1080	1	vehicle.car,0.971,0,55,809,933,0.4875;	0.992959
654055616	832	1280	1	vehicle.car,1.000,130,80,1222,772,0.7096;	0.993073
566334582	1500	1125	3	vehicle.car,0.999,141,756,1017,1397,0.3328;other.logo,0.886,756,416,905,592,0.0155;other.text,0.858,214,612,419,741,0.0157;	0.993121
551487105	640	640	1	vehicle.car,0.999,171,276,502,542,0.2150;	0.993207
567940259	1125	1500	1	other.other,0.000,0,0,1497,1122,0.9953;	0.993245
511374316	1279	720	2	vehicle.car,1.000,25,517,692,867,0.2535;other.text,0.954,55,132,170,510,0.0472;	0.99336
622393690	852	1280	1	vehicle.car,1.000,112,232,982,730,0.3973;	0.993595
486843851	600	800	1	vehicle.car,0.996,5,211,763,445,0.3695;	0.993985
587864650	1500	1125	4	person.face,0.999,732,337,967,539,0.0281;vehicle.car,0.997,38,551,967,1497,0.5208;other.text,0.942,246,349,630,454,0.0239;other.text,0.832,164,1321,439,1418,0.0158;	0.994075
691436118	721	720	4	vehicle.car,1.000,38,368,698,596,0.2899;other.text,0.968,130,180,565,238,0.0486;other.text,0.962,575,218,684,362,0.0302;other.text,0.934,582,76,680,189,0.0213;	0.994293
561276737	416	555	1	vehicle.car,0.998,55,127,533,396,0.5569;	0.994333
539689621	1056	1410	1	goods.bag,0.808,88,171,1292,1000,0.6703;	0.994391
624698258	479	720	2	vehicle.car,1.000,163,134,675,392,0.3830;other.text,0.903,302,447,409,477,0.0093;	0.99452
482350889	1322	744	1	vehicle.car,1.000,44,511,741,1020,0.3607;	0.994666
650344220	1124	1698	1	vehicle.car,1.000,265,239,1516,1071,0.5454;	0.994697
566085668	612	816	1	vehicle.car,1.000,73,247,779,534,0.4057;	0.994743
554843410	465	620	2	vehicle.car,1.000,15,147,591,380,0.4655;other.text,0.969,189,86,351,139,0.0298;	0.995056
491785879	498	640	1	vehicle.car,0.996,101,125,611,347,0.3552;	0.995117
652412237	607	810	2	vehicle.car,1.000,169,139,677,451,0.3224;vehicle.car,0.989,0,146,245,278,0.0658;	0.995489
597220994	450	800	2	other.text,0.990,31,361,216,439,0.0401;vehicle.car,0.976,36,170,236,245,0.0417;	0.995609
599244040	864	1296	1	vehicle.car,1.000,263,448,1180,815,0.3005;	0.995742
504790678	1776	3162	1	vehicle.car,1.000,321,438,2470,1507,0.4091;	0.995901
646951459	1536	2048	1	other.other,0.000,0,0,2044,1532,0.9954;	0.995987
508569971	1500	1080	4	vehicle.car,1.000,126,472,940,976,0.2532;vehicle.car,0.999,196,26,958,454,0.2013;vehicle.car,0.998,21,1022,1052,1474,0.2877;vehicle.car,0.890,29,507,190,662,0.0154;	0.996116
603259048	639	960	1	vehicle.car,0.999,349,232,817,403,0.1305;	0.996275
533184288	1620	1080	1	vehicle.car,0.886,342,886,1038,1152,0.1058;	0.996298
484160990	509	800	2	vehicle.car,0.997,353,314,709,447,0.1163;other.text,0.994,97,86,298,322,0.1165;	0.996468
546249168	754	1136	2	vehicle.car,1.000,375,388,1052,675,0.2268;other.text,0.954,517,7,721,324,0.0755;	0.996601
678561565	1125	1500	2	vehicle.car,1.000,583,592,1377,955,0.1708;other.text,0.990,21,1005,190,1090,0.0085;	0.996744
620995517	1706	959	1	other.other,0.000,0,0,956,1703,0.9951;	0.996924
593255691	590	1024	1	vehicle.car,1.000,164,210,798,560,0.3673;	0.997127
535227224	1125	1500	1	vehicle.car,0.999,129,510,1313,1002,0.3452;	0.997208
545305864	1920	1080	4	vehicle.car,0.998,37,874,1035,1605,0.3518;other.text,0.938,79,161,660,397,0.0661;goods.shoe,0.934,829,1597,1069,1822,0.0260;other.text,0.837,79,135,795,934,0.2759;	0.997637
626406915	669	1080	1	vehicle.car,0.997,188,291,983,586,0.3246;	0.997637
534029029	721	1080	1	vehicle.car,0.999,0,323,1078,635,0.4319;	0.997721
576372166	960	640	2	vehicle.car,0.997,52,463,636,727,0.2509;other.text,0.997,0,144,598,298,0.1499;	0.998117
479568866	459	639	3	vehicle.car,0.998,101,167,485,404,0.3103;other.text,0.994,238,72,398,165,0.0507;other.text,0.930,485,24,599,77,0.0206;	0.998129
615441014	1037	1600	1	other.text,0.886,1253,116,1494,200,0.0122;	0.998291
532732982	832	1280	3	vehicle.car,0.945,0,277,185,452,0.0304;other.text,0.912,0,775,350,825,0.0164;vehicle.car,0.845,115,192,1185,675,0.4853;	0.998327
607032336	678	1080	1	vehicle.car,1.000,63,116,1078,648,0.7374;	0.998389
493300302	1920	1080	2	vehicle.car,1.000,45,997,1005,1432,0.2014;other.text,0.958,304,289,881,416,0.0353;	0.998544
491571439	960	1284	1	other.other,0.000,0,0,1281,960,0.9977;	0.998824
646036834	1124	1690	3	other.sticker,1.000,13,0,479,366,0.0898;vehicle.car,0.970,502,389,1261,1023,0.2533;other.sticker,0.843,878,30,1122,300,0.0347;	0.998928
512695995	411	720	1	vehicle.car,0.997,297,167,489,260,0.0603;	0.998943
632706147	960	1280	2	vehicle.car,0.998,105,357,1087,800,0.3540;goods.book,0.937,605,127,742,302,0.0195;	0.999042
664553926	300	359	1	vehicle.car,1.000,52,93,300,272,0.4122;	0.999206
564102761	424	640	1	vehicle.car,0.999,97,65,639,331,0.5313;	0.999217
553402448	675	1080	1	vehicle.car,0.999,255,268,738,626,0.2372;	0.999256
687462337	539	720	1	vehicle.car,1.000,101,150,577,364,0.2625;	0.999277
546642509	540	720	1	vehicle.car,0.998,58,132,607,508,0.5309;	0.999332
613444624	864	1296	4	person.body,0.999,982,132,1162,795,0.1066;vehicle.car,0.996,63,124,1086,863,0.6752;other.text,0.994,18,114,182,195,0.0119;goods.clothes,0.983,967,258,1190,506,0.0494;	0.999378
672267768	480	720	1	vehicle.car,1.000,44,146,672,385,0.4343;	0.999413
673697056	810	1080	2	vehicle.car,1.000,105,181,949,641,0.4438;vehicle.car,0.958,878,234,1057,371,0.0280;	0.999419
673409122	334	500	2	vehicle.car,0.997,22,76,460,288,0.5560;other.text,0.974,2,24,113,57,0.0219;	0.999423
650374640	1124	1698	1	vehicle.car,0.999,93,103,1506,1025,0.6826;	0.999524
696064466	964	1284	1	vehicle.car,0.999,85,374,905,885,0.3385;	0.999541
635927052	640	720	2	vehicle.car,1.000,172,280,703,503,0.2570;other.text,0.870,394,115,485,226,0.0219;	0.999552
685443409	798	1278	3	vehicle.car,0.998,334,394,1273,774,0.3499;other.text,0.974,107,417,220,796,0.0420;other.text,0.948,162,37,232,262,0.0154;	0.999579
565014552	796	1296	1	vehicle.car,0.999,289,210,1050,666,0.3364;	0.999641
679061830	1280	720	1	vehicle.car,1.000,0,685,697,1137,0.3418;	0.999642
539750025	1024	1536	1	vehicle.car,0.999,195,216,1374,822,0.4543;	0.999678
696499747	798	1280	2	vehicle.car,0.990,0,295,835,707,0.3368;vehicle.car,0.965,617,400,882,670,0.0700;	0.999685
533077205	600	800	1	vehicle.car,0.998,113,211,713,488,0.3463;	0.999695
547156733	432	720	1	vehicle.car,1.000,0,97,683,377,0.6148;	0.999821
480197068	404	720	1	vehicle.car,1.000,174,142,567,309,0.2256;	0.99984
548443295	466	640	2	vehicle.car,0.982,31,80,442,360,0.3859;other.sticker,0.832,10,324,114,464,0.0488;	0.999893
561988849	860	1296	1	vehicle.car,1.000,238,440,924,759,0.1963;	0.999923
555050513	720	1280	1	vehicle.car,1.000,397,220,1130,560,0.2704;	0.99992
634939015	412	550	1	other.other,0.000,0,0,549,411,0.9958;	0.999941
687358615	798	1280	2	vehicle.car,1.000,92,227,1277,715,0.5661;vehicle.car,1.000,670,27,1080,197,0.0682;	0.999952
657474625	418	550	2	vehicle.car,0.998,27,107,474,377,0.5250;other.sticker,0.978,445,3,539,127,0.0507;	0.999961
657048766	570	798	3	vehicle.car,1.000,51,206,698,464,0.3670;other.sticker,0.998,678,454,776,555,0.0218;other.text,0.979,108,89,210,157,0.0152;	0.999968
650344520	1124	1698	1	vehicle.car,1.000,318,504,1569,915,0.2694;	0.999972
554456187	498	720	1	vehicle.car,1.000,163,255,560,422,0.1849;	0.999985
522028339	400	600	1	vehicle.car,1.000,54,162,471,349,0.3249;	0.999986
661136972	800	1280	1	vehicle.car,1.000,207,280,1015,640,0.2841;	0.999987
689801783	424	640	2	vehicle.car,1.000,82,112,570,381,0.4838;other.text,0.976,17,39,136,185,0.0640;	0.999987
548658005	616	1080	1	vehicle.car,0.999,44,169,989,521,0.5000;	0.999994
