641898941,1,vehicle.car,0.986,44,367,937,715,0.3413;
628574407,1,vehicle.car,1.000,112,517,1072,1086,0.3512;
634939015,1,other.other,0.000,0,0,549,411,0.9958;
532126528,2,vehicle.car,0.983,0,179,1096,1239,0.6885;other.logo,0.873,686,735,861,879,0.0149;
722013662,2,other.text,0.968,0,1017,257,1094,0.0156;goods.clothes,0.902,341,211,848,721,0.2043;
721991433,2,other.text,0.976,34,722,271,867,0.0236;vehicle.car,0.820,0,480,785,1220,0.3987;
681739455,3,vehicle.car,0.993,73,264,1348,674,0.3101;vehicle.car,0.973,858,108,1471,316,0.0756;other.logo,0.970,1113,451,1307,650,0.0229;
612673935,1,vehicle.car,1.000,300,427,1369,840,0.2696;
546656185,1,person.body,0.996,874,436,1106,945,0.0954;
594076655,1,vehicle.car,0.821,470,315,926,613,0.1071;
555050513,1,vehicle.car,1.000,397,220,1130,560,0.2704;
539750025,1,vehicle.car,0.999,195,216,1374,822,0.4543;
616785072,1,other.other,0.000,0,0,643,958,1.0026;
485873761,3,person.body,0.999,94,134,213,430,0.0279;vehicle.car,0.997,9,202,1065,1069,0.7247;goods.clothes,0.810,110,187,220,299,0.0098;
504790678,1,vehicle.car,1.000,321,438,2470,1507,0.4091;
595624636,1,other.logo,0.961,486,187,613,341,0.0155;
554393175,1,vehicle.car,0.897,182,116,1099,633,0.5011;
633531595,1,vehicle.car,0.995,132,167,557,479,0.3237;
602513773,2,person.body,0.850,501,60,665,398,0.0604;person.body,0.840,369,82,515,458,0.0598;
709729188,2,person.face,0.972,750,248,926,422,0.0249;vehicle.car,0.920,78,294,720,1109,0.4246;
650772491,1,other.other,0.000,0,0,796,597,0.9925;
626025154,2,vehicle.car,1.000,0,475,887,847,0.2685;vehicle.car,0.994,787,347,937,500,0.0187;
605900161,1,vehicle.car,0.999,0,441,762,780,0.2551;
565014552,1,vehicle.car,0.999,289,210,1050,666,0.3364;
554843410,2,vehicle.car,1.000,15,147,591,380,0.4655;other.text,0.969,189,86,351,139,0.0298;
555998250,2,vehicle.car,1.000,169,836,997,1380,0.2172;other.text,0.988,619,105,772,487,0.0282;
581081495,4,person.body,0.984,741,621,920,1263,0.0681;other.text,0.979,656,1254,1104,1447,0.0512;vehicle.car,0.959,97,735,894,1356,0.2933;person.body,0.877,32,609,123,835,0.0122;
587484994,1,other.other,0.000,0,0,1497,1122,0.9962;
644392723,1,vehicle.car,0.865,236,497,1203,1131,0.2614;
717972011,1,other.text,0.944,477,793,620,890,0.0119;
551487407,1,vehicle.car,0.999,131,251,510,541,0.2683;
599454166,3,vehicle.car,1.000,0,702,1389,1249,0.2535;other.text,0.955,31,1350,324,1514,0.0160;other.text,0.854,1124,1272,1495,1487,0.0266;
533050712,1,vehicle.car,0.988,64,438,469,726,0.1978;
652302383,2,vehicle.car,0.907,28,139,647,547,0.5137;other.text,0.853,489,544,682,595,0.0200;
646436649,1,vehicle.car,0.999,0,50,627,551,0.7669;
577091935,3,goods.clothes,0.939,193,442,869,1103,0.2654;person.body,0.894,176,184,848,1059,0.3492;goods.hat,0.834,357,249,635,611,0.0598;
560370210,3,vehicle.car,1.000,121,80,588,338,0.4656;other.text,0.933,12,338,81,398,0.0160;other.logo,0.850,190,85,257,159,0.0192;
583048278,2,vehicle.car,0.945,0,517,619,810,0.2495;other.text,0.940,102,910,335,1107,0.0631;
599244040,1,vehicle.car,1.000,263,448,1180,815,0.3005;
549344008,1,person.body,0.910,148,423,283,633,0.0307;
566334582,3,vehicle.car,0.999,141,756,1017,1397,0.3328;other.logo,0.886,756,416,905,592,0.0155;other.text,0.858,214,612,419,741,0.0157;
554456187,1,vehicle.car,1.000,163,255,560,422,0.1849;
532806618,2,other.logo,0.911,835,776,1002,885,0.0108;other.text,0.848,691,1090,1081,1204,0.0264;
619601487,1,vehicle.car,1.000,39,518,573,904,0.2060;
599272938,1,person.face,0.991,427,615,642,827,0.0418;
522028339,1,vehicle.car,1.000,54,162,471,349,0.3249;
696499747,2,vehicle.car,0.990,0,295,835,707,0.3368;vehicle.car,0.965,617,400,882,670,0.0700;
664553926,1,vehicle.car,1.000,52,93,300,272,0.4122;
536914001,1,vehicle.car,0.998,284,516,995,886,0.1383;
493047631,1,vehicle.car,0.851,29,185,1374,908,0.5763;
611818880,1,other.other,0.000,0,0,1122,1497,0.9953;
535050259,4,person.body,0.997,280,6,512,515,0.2563;goods.shoe,0.980,588,464,685,578,0.0240;goods.clothes,0.968,301,111,471,297,0.0686;person.body,0.827,425,3,662,620,0.3173;
500818543,1,vehicle.car,0.998,416,270,1497,1017,0.4789;
613180174,1,vehicle.car,0.915,103,331,1108,1222,0.5183;
650218176,1,vehicle.car,0.994,67,583,1046,1242,0.3823;
547291830,1,vehicle.car,1.000,31,508,737,1011,0.3616;
611418003,3,vehicle.car,0.999,142,225,1142,815,0.4684;person.body,0.955,1012,119,1223,473,0.0593;goods.clothes,0.805,1050,172,1174,385,0.0210;
480197068,1,vehicle.car,1.000,174,142,567,309,0.2256;
645213373,1,vehicle.car,0.834,18,234,1055,1008,0.4756;
549136311,1,vehicle.car,0.934,27,0,999,749,0.9220;
485138485,1,vehicle.car,0.909,0,628,867,1207,0.2827;
479076477,1,vehicle.car,0.985,13,506,637,754,0.2129;
673173459,1,vehicle.car,0.999,254,234,953,644,0.3854;
514349158,3,goods.book,0.946,439,109,975,491,0.0987;vehicle.car,0.816,0,622,915,1391,0.3393;goods.shoe,0.806,11,1001,619,1414,0.1211;
589733182,1,other.other,0.000,0,0,1122,1122,0.9964;
683269765,2,other.text,0.996,20,130,355,235,0.0382;vehicle.bus,0.815,157,217,707,1122,0.5401;
493300302,2,vehicle.car,1.000,45,997,1005,1432,0.2014;other.text,0.958,304,289,881,416,0.0353;
687388871,1,vehicle.car,0.999,142,78,1016,604,0.4641;
479517520,2,vehicle.car,0.999,47,410,877,1130,0.4863;other.logo,0.988,122,192,350,347,0.0288;
620995517,1,other.other,0.000,0,0,956,1703,0.9951;
690399067,3,vehicle.car,0.998,205,773,1336,1122,0.2341;other.logo,0.927,1025,961,1239,1113,0.0193;other.logo,0.846,340,958,507,1087,0.0128;
581958594,1,vehicle.car,0.999,55,66,539,440,0.5892;
549370869,5,other.sticker,0.999,1330,73,1447,231,0.0110;vehicle.car,0.998,105,290,1330,1028,0.5357;other.sticker,0.989,47,817,328,1037,0.0366;person.body,0.937,469,15,650,366,0.0376;person.body,0.914,659,0,823,393,0.0382;
613444624,4,person.body,0.999,982,132,1162,795,0.1066;vehicle.car,0.996,63,124,1086,863,0.6752;other.text,0.994,18,114,182,195,0.0119;goods.clothes,0.983,967,258,1190,506,0.0494;
620608602,1,other.logo,0.899,599,835,785,1133,0.0356;
531963061,1,other.other,0.000,0,0,1277,957,0.9945;
713575036,1,person.face,0.998,1002,278,1195,493,0.0282;
689468399,2,vehicle.car,0.998,64,175,639,477,0.4080;person.body,0.882,250,92,336,228,0.0275;
570440153,3,other.text,0.997,281,411,513,461,0.0272;other.text,0.971,294,306,480,378,0.0313;person.body,0.804,364,8,609,292,0.1629;
509773823,2,vehicle.car,0.999,94,276,703,599,0.3795;vehicle.car,0.968,586,269,699,367,0.0214;
672267768,1,vehicle.car,1.000,44,146,672,385,0.4343;
688775573,2,vehicle.car,1.000,695,422,1594,1051,0.2513;other.text,0.966,105,0,270,74,0.0054;
623764479,2,vehicle.car,0.999,0,417,900,1257,0.6152;other.text,0.972,105,50,320,327,0.0485;
608189657,2,person.body,0.999,765,352,1040,1125,0.1260;goods.clothes,0.942,800,478,952,803,0.0293;
613526132,1,vehicle.car,1.000,210,134,629,539,0.2940;
669212400,1,vehicle.car,1.000,77,295,636,568,0.3150;
589640200,2,vehicle.car,0.999,130,634,1342,1019,0.2185;person.body,0.807,1264,604,1475,982,0.0374;
543433356,1,vehicle.car,1.000,289,240,766,479,0.1618;
687070551,1,vehicle.car,0.992,84,341,1078,787,0.3637;
503901715,2,vehicle.car,0.995,32,530,979,1184,0.3670;person.body,0.913,832,489,926,677,0.0105;
680401814,1,vehicle.car,1.000,37,967,960,1436,0.2088;
553805093,5,goods.shoe,0.999,224,965,404,1096,0.0186;person.body,0.997,171,114,532,1123,0.2878;goods.hat,0.996,235,114,422,215,0.0149;person.face,0.990,240,165,380,292,0.0140;goods.clothes,0.880,231,235,525,699,0.1078;
569806181,1,vehicle.car,1.000,122,187,613,394,0.3137;
592538626,2,vehicle.car,0.990,943,504,1477,820,0.1001;other.logo,0.964,1093,656,1251,823,0.0157;
599950174,1,vehicle.car,0.995,132,675,1620,1154,0.3183;
689587340,1,other.other,0.000,0,0,1122,1497,0.9962;
479528682,1,other.text,0.961,0,502,633,591,0.0859;
603259048,1,vehicle.car,0.999,349,232,817,403,0.1305;
500634433,1,vehicle.car,0.983,415,42,1157,640,0.4821;
652412237,2,vehicle.car,1.000,169,139,677,451,0.3224;vehicle.car,0.989,0,146,245,278,0.0658;
561107657,1,other.other,0.000,0,0,717,1277,0.9935;
688222455,1,other.other,0.000,0,0,1122,1497,0.9953;
690335958,4,vehicle.car,1.000,123,193,649,480,0.3215;other.text,0.999,346,0,740,146,0.1225;other.text,0.979,612,563,721,615,0.0121;other.text,0.942,365,144,712,185,0.0303;
547156733,1,vehicle.car,1.000,0,97,683,377,0.6148;
490269908,3,vehicle.car,1.000,1020,419,1471,850,0.1152;vehicle.car,0.998,0,407,504,832,0.1269;vehicle.car,0.998,583,451,1031,820,0.0980;
537858624,2,vehicle.car,0.995,148,276,797,782,0.3563;furniture.pottedplant,0.934,135,262,255,486,0.0292;
557043779,1,vehicle.car,0.999,350,305,773,498,0.1701;
618332617,3,vehicle.car,0.974,187,367,990,880,0.3352;other.logo,0.971,520,12,790,272,0.0571;other.text,0.942,505,750,1237,852,0.0608;
586839446,1,vehicle.car,0.994,67,483,1354,1087,0.4607;
595711373,1,vehicle.car,0.998,20,973,920,1323,0.1925;
613274334,1,vehicle.car,1.000,0,1140,1065,1612,0.2424;
599670320,4,vehicle.car,0.996,31,45,602,404,0.6673;vehicle.car,0.910,176,47,284,99,0.0183;vehicle.car,0.890,76,57,192,110,0.0200;vehicle.car,0.819,275,52,621,224,0.1937;
483113393,2,vehicle.car,0.997,11,60,661,550,0.6672;other.logo,0.915,141,271,208,322,0.0072;
623468868,3,person.body,0.965,242,531,587,1001,0.0967;goods.shoe,0.942,146,998,502,1196,0.0421;vehicle.motorbike,0.914,58,712,1015,1325,0.3500;
548443295,2,vehicle.car,0.982,31,80,442,360,0.3859;other.sticker,0.832,10,324,114,464,0.0488;
533184288,1,vehicle.car,0.886,342,886,1038,1152,0.1058;
692536717,2,vehicle.car,1.000,6,141,979,513,0.2234;vehicle.car,0.997,70,290,1017,1421,0.6611;
616965799,1,vehicle.car,0.984,0,211,631,481,0.4159;
696421392,2,vehicle.airplane,1.000,5,70,572,216,0.2285;vehicle.car,1.000,0,200,625,568,0.6348;
569802414,2,vehicle.car,1.000,124,204,593,388,0.2663;other.text,0.986,77,45,359,103,0.0505;
656350368,2,vehicle.car,0.999,178,613,1493,1084,0.3266;other.text,0.998,629,43,1074,214,0.0401;
555321193,2,vehicle.car,1.000,0,900,1031,1552,0.3242;other.text,0.945,150,1485,379,1725,0.0265;
491543653,1,vehicle.car,0.924,9,365,585,760,0.3124;
686205220,3,person.body,0.996,681,319,984,724,0.0648;vehicle.car,0.988,313,487,1461,1083,0.3613;goods.clothes,0.938,721,418,905,632,0.0208;
625145956,4,person.body,0.999,13,75,103,377,0.0442;vehicle.car,0.987,712,157,928,272,0.0404;vehicle.car,0.977,176,118,801,622,0.5127;goods.clothes,0.911,22,171,103,266,0.0125;
663991748,1,other.text,0.985,37,265,409,374,0.0330;
588497204,1,vehicle.car,0.999,129,1033,1021,1298,0.1054;
691256712,1,vehicle.car,0.999,38,237,625,473,0.3310;
656696164,3,goods.shoe,0.988,493,830,612,953,0.0238;person.body,0.983,294,272,511,611,0.1199;person.body,0.931,249,230,611,918,0.4058;
650374640,1,vehicle.car,0.999,93,103,1506,1025,0.6826;
659704951,2,vehicle.car,1.000,510,415,1180,797,0.2083;other.text,0.867,52,462,237,625,0.0245;
611053079,1,other.other,0.000,0,0,1293,726,0.9963;
512695995,1,vehicle.car,0.997,297,167,489,260,0.0603;
631926388,3,vehicle.car,0.999,181,1008,617,1359,0.1384;vehicle.car,0.997,192,578,603,866,0.1071;vehicle.car,0.993,200,110,638,438,0.1299;
513313447,1,vehicle.car,0.995,225,547,1076,1537,0.4063;
551829456,2,vehicle.car,0.960,115,0,1182,860,0.7468;other.text,0.952,532,722,840,797,0.0188;
545893806,1,other.other,0.000,0,0,957,1277,0.9945;
533077205,1,vehicle.car,0.998,113,211,713,488,0.3463;
603808466,1,vehicle.car,0.998,306,36,1358,593,0.3090;
587883097,3,vehicle.car,0.990,100,530,970,1225,0.3583;other.logo,0.975,519,149,823,439,0.0522;other.text,0.868,398,393,949,475,0.0268;
571074649,1,other.other,0.000,0,0,719,539,0.9968;
493453950,2,vehicle.car,1.000,87,565,563,896,0.2254;other.text,0.998,218,211,424,437,0.0666;
711162623,1,person.body,0.808,525,321,768,729,0.0630;
711040257,4,vehicle.boat,0.997,104,740,475,863,0.0293;vehicle.car,0.992,0,1249,644,1437,0.0778;other.text,0.950,84,939,520,1052,0.0317;vehicle.boat,0.934,616,858,953,1074,0.0468;
573520917,1,other.text,0.908,66,637,289,754,0.0151;
482949995,2,person.body,0.997,938,814,1081,1040,0.0192;vehicle.car,0.976,21,735,899,1456,0.3751;
586574469,1,other.other,0.000,0,0,1497,1122,0.9953;
608214254,1,other.other,0.000,0,0,1497,1122,0.9980;
494347690,3,vehicle.car,0.998,600,411,1112,693,0.1598;vehicle.car,0.994,89,457,598,696,0.1347;person.body,0.993,550,311,671,680,0.0494;
555160096,1,vehicle.car,0.999,34,134,585,637,0.6766;
508082315,1,vehicle.car,0.986,89,415,772,885,0.2487;
691436118,4,vehicle.car,1.000,38,368,698,596,0.2899;other.text,0.968,130,180,565,238,0.0486;other.text,0.962,575,218,684,362,0.0302;other.text,0.934,582,76,680,189,0.0213;
591768732,3,goods.clothes,0.995,485,575,776,940,0.0551;person.body,0.972,418,328,806,1676,0.2714;goods.clothes,0.909,462,616,790,1710,0.1862;
626142286,4,vehicle.car,0.998,0,211,221,405,0.0551;person.face,0.998,375,91,508,224,0.0227;person.body,0.998,259,40,631,658,0.2956;other.text,0.963,894,626,1048,724,0.0194;
485767906,1,vehicle.car,0.980,101,192,970,789,0.5930;
534029029,1,vehicle.car,0.999,0,323,1078,635,0.4319;
679059843,2,person.body,0.999,197,446,332,862,0.0436;vehicle.car,0.994,305,616,1098,1006,0.2399;
652336883,2,vehicle.car,0.998,85,349,1400,902,0.4309;other.text,0.903,1172,782,1371,958,0.0208;
606840518,4,vehicle.car,0.995,243,130,648,373,0.3043;vehicle.car,0.982,48,107,398,362,0.2760;person.body,0.946,234,34,399,358,0.1653;goods.clothes,0.866,268,83,381,219,0.0475;
646689683,1,vehicle.car,0.999,49,358,861,699,0.3381;
612265032,2,vehicle.car,0.981,20,169,587,532,0.5025;other.text,0.867,442,434,524,549,0.0230;
584617882,1,vehicle.car,1.000,149,104,667,427,0.5164;
542011295,1,vehicle.car,1.000,142,644,1218,1113,0.2255;
535048853,2,vehicle.car,0.978,22,877,1076,1552,0.3431;other.logo,0.851,322,1136,559,1316,0.0206;
621470943,1,vehicle.car,0.995,0,450,950,1122,0.5195;
613712777,1,other.other,0.000,0,0,1995,1121,0.9953;
549359663,1,vehicle.car,0.997,278,287,760,765,0.2445;
622393690,1,vehicle.car,1.000,112,232,982,730,0.3973;
485778434,2,vehicle.car,0.999,0,220,990,574,0.4996;other.logo,0.982,778,402,908,550,0.0274;
691810467,2,person.face,0.953,700,124,852,255,0.0304;person.body,0.848,481,78,991,605,0.4100;
561988849,1,vehicle.car,1.000,238,440,924,759,0.1963;
645312894,1,goods.bag,0.807,0,620,532,1113,0.2621;
674118787,4,vehicle.car,1.000,195,517,1043,1028,0.2486;other.sticker,1.000,1236,334,1611,886,0.1188;person.body,0.976,738,511,996,738,0.0336;other.text,0.923,82,63,224,552,0.0398;
609844143,1,other.other,0.000,0,0,1447,2156,1.0030;
574326991,1,vehicle.car,0.970,570,424,1228,785,0.1755;
709721533,1,vehicle.car,0.999,15,384,838,1039,0.4374;
650344520,1,vehicle.car,1.000,318,504,1569,915,0.2694;
671524336,1,vehicle.car,0.951,64,574,896,1242,0.3293;
483600492,1,other.other,0.000,0,0,1277,957,0.9945;
614749519,1,vehicle.car,0.910,272,753,820,1166,0.1342;
579472156,1,other.other,0.000,0,0,1096,821,0.9970;
511374316,2,vehicle.car,1.000,25,517,692,867,0.2535;other.text,0.954,55,132,170,510,0.0472;
505114637,2,vehicle.car,0.998,0,901,1083,1577,0.4290;vehicle.car,0.997,102,0,963,472,0.2382;
618501977,3,vehicle.car,0.999,796,598,1149,741,0.0410;other.text,0.995,215,320,386,378,0.0081;vehicle.car,0.993,100,568,734,849,0.1448;
576372166,2,vehicle.car,0.997,52,463,636,727,0.2509;other.text,0.997,0,144,598,298,0.1499;
508671005,1,vehicle.car,0.998,98,879,1082,1473,0.2600;
638504468,1,vehicle.motorbike,0.894,0,110,1122,984,0.7762;
533710453,1,vehicle.car,0.936,63,89,957,645,0.4632;
672052900,2,vehicle.car,0.997,71,469,1293,1701,0.6723;other.logo,0.960,641,1363,847,1583,0.0202;
624698258,2,vehicle.car,1.000,163,134,675,392,0.3830;other.text,0.903,302,447,409,477,0.0093;
709860839,2,other.text,0.996,55,92,362,437,0.1149;vehicle.bus,0.851,122,215,717,1090,0.5649;
514131116,1,vehicle.car,0.999,19,1132,1050,1631,0.2481;
721991434,2,vehicle.car,1.000,59,544,1048,949,0.3434;goods.other,0.815,894,0,1006,327,0.0314;
588464333,1,vehicle.car,1.000,58,394,718,714,0.3056;
684568095,1,other.other,0.000,0,0,1277,957,0.9945;
631417806,1,other.other,0.000,0,0,1293,969,0.9946;
479568866,3,vehicle.car,0.998,101,167,485,404,0.3103;other.text,0.994,238,72,398,165,0.0507;other.text,0.930,485,24,599,77,0.0206;
601896724,1,vehicle.car,1.000,302,477,1122,887,0.2736;
572165459,3,vehicle.car,0.993,64,885,1076,1451,0.2762;other.text,0.992,315,664,926,870,0.0607;other.text,0.968,334,150,656,367,0.0337;
541712800,1,vehicle.car,0.993,135,146,975,656,0.4897;
547477160,1,other.other,0.000,0,0,957,1277,0.9945;
569065555,2,vehicle.car,0.998,4,323,994,806,0.4612;person.body,0.981,262,177,361,365,0.0180;
686615465,1,vehicle.car,1.000,182,250,1145,867,0.4835;
668040328,1,other.other,0.000,0,0,1078,960,0.9981;
586204241,2,other.text,0.995,996,705,1631,1017,0.0970;vehicle.car,0.925,113,315,1010,925,0.2680;
657474625,2,vehicle.car,0.998,27,107,474,377,0.5250;other.sticker,0.978,445,3,539,127,0.0507;
577029750,1,vehicle.car,0.990,879,565,1497,929,0.1334;
484160990,2,vehicle.car,0.997,353,314,709,447,0.1163;other.text,0.994,97,86,298,322,0.1165;
605908207,1,vehicle.car,0.996,76,243,1177,681,0.4312;
556432941,1,vehicle.car,0.998,135,292,719,506,0.2712;
562908707,2,vehicle.car,0.996,0,112,1004,810,0.6074;other.text,0.911,39,369,189,507,0.0179;
609676963,1,vehicle.car,0.998,52,1061,948,1743,0.2948;
592760106,1,vehicle.car,1.000,79,765,822,1083,0.1621;
504858651,1,other.other,0.000,0,0,1497,1122,0.9953;
614059455,1,other.other,0.000,0,0,1056,1409,0.9979;
657164294,3,person.body,0.976,229,42,283,146,0.0122;vehicle.car,0.961,489,60,654,151,0.0327;vehicle.car,0.912,50,170,677,556,0.5265;
696064466,1,vehicle.car,0.999,85,374,905,885,0.3385;
557594807,1,vehicle.car,1.000,117,258,1266,1011,0.5127;
512115752,1,other.other,0.000,0,0,1682,2244,0.9970;
603278732,1,other.other,0.000,0,0,1293,868,1.0023;
490383688,1,vehicle.car,0.991,146,170,1386,955,0.5773;
597722380,1,other.other,0.000,0,0,1120,1420,0.9935;
556537047,1,vehicle.car,0.998,65,310,1228,759,0.4256;
646093086,1,other.other,0.000,0,0,1122,1497,0.9953;
489296608,2,vehicle.car,0.996,0,394,1046,728,0.2998;vehicle.car,0.984,32,403,243,485,0.0148;
661136972,1,vehicle.car,1.000,207,280,1015,640,0.2841;
584828351,1,vehicle.car,0.999,11,362,541,554,0.2484;
617074094,1,vehicle.car,0.992,103,251,926,619,0.4382;
486843851,1,vehicle.car,0.996,5,211,763,445,0.3695;
501780396,1,vehicle.car,1.000,8,410,802,840,0.3256;
578687257,1,vehicle.car,1.000,120,313,742,642,0.2819;
543788247,1,vehicle.car,0.999,39,294,705,636,0.4394;
675308848,3,person.body,0.971,357,140,540,847,0.1186;person.body,0.964,217,385,327,632,0.0249;person.body,0.898,1147,355,1252,667,0.0300;
640405871,2,vehicle.car,1.000,378,410,1017,782,0.1409;other.logo,0.906,876,592,1011,729,0.0110;
579710354,1,vehicle.car,0.992,0,189,1674,861,0.6698;
673697056,2,vehicle.car,1.000,105,181,949,641,0.4438;vehicle.car,0.958,878,234,1057,371,0.0280;
673818862,2,vehicle.car,1.000,234,621,973,1008,0.1696;other.text,0.936,844,23,981,615,0.0481;
498341742,2,other.text,0.940,966,502,1233,671,0.0492;person.body,0.863,557,200,666,384,0.0219;
663997723,3,goods.shoe,0.989,84,291,159,412,0.0332;vehicle.car,0.802,187,101,584,376,0.3995;person.body,0.801,136,75,275,345,0.1373;
560528994,1,vehicle.car,0.906,154,150,529,589,0.4019;
602398830,2,vehicle.car,0.971,59,384,1122,1283,0.5663;other.logo,0.865,794,791,961,1043,0.0249;
685163940,1,other.other,0.000,0,0,1293,969,0.9946;
482350889,1,vehicle.car,1.000,44,511,741,1020,0.3607;
632706147,2,vehicle.car,0.998,105,357,1087,800,0.3540;goods.book,0.937,605,127,742,302,0.0195;
548547524,1,other.other,0.000,0,0,1122,1497,0.9953;
709715349,1,other.other,0.000,0,0,961,1282,0.9997;
537689365,1,other.other,0.000,0,0,719,539,0.9968;
575654462,1,other.other,0.000,0,0,1435,2555,0.9960;
589944492,1,vehicle.car,0.956,184,359,962,778,0.2795;
626413507,1,vehicle.car,1.000,37,36,560,395,0.6671;
548586846,2,vehicle.car,0.986,11,145,679,682,0.6920;other.text,0.939,1,484,76,529,0.0065;
514730423,1,other.other,0.000,0,0,1078,605,0.9949;
609796038,1,vehicle.car,0.998,0,375,1474,987,0.5346;
500435638,1,other.other,0.000,0,0,1122,1497,0.9962;
497882235,1,vehicle.car,0.998,72,178,1684,1130,0.8093;
679061830,1,vehicle.car,1.000,0,685,697,1137,0.3418;
534459491,1,vehicle.car,1.000,120,352,1213,838,0.3151;
523649814,1,other.other,0.000,0,0,719,959,0.9965;
508569971,4,vehicle.car,1.000,126,472,940,976,0.2532;vehicle.car,0.999,196,26,958,454,0.2013;vehicle.car,0.998,21,1022,1052,1474,0.2877;vehicle.car,0.890,29,507,190,662,0.0154;
694169166,2,person.body,0.992,194,234,599,1129,0.1914;goods.clothes,0.979,188,405,619,777,0.0847;
720928033,1,vehicle.car,0.999,32,584,975,991,0.3290;
540483762,1,vehicle.car,0.984,22,582,917,997,0.3023;
709714919,1,vehicle.car,0.997,25,525,818,1004,0.3082;
559535361,1,vehicle.car,1.000,402,380,1140,782,0.2720;
635927052,2,vehicle.car,1.000,172,280,703,503,0.2570;other.text,0.870,394,115,485,226,0.0219;
548217199,2,vehicle.car,0.973,29,144,905,929,0.4079;other.text,0.943,103,923,563,1377,0.1239;
673175014,1,vehicle.car,0.996,69,312,915,709,0.3903;
516460377,3,person.body,0.983,936,181,1203,725,0.0766;vehicle.motorbike,0.955,550,273,1400,1054,0.3501;vehicle.car,0.819,662,418,1371,946,0.1974;
636620563,1,vehicle.car,1.000,92,137,522,386,0.2913;
615441014,1,other.text,0.886,1253,116,1494,200,0.0122;
566085668,1,vehicle.car,1.000,73,247,779,534,0.4057;
611574891,1,vehicle.car,0.971,121,204,747,617,0.4275;
582634559,1,other.other,0.000,0,0,1122,1497,0.9962;
608626881,3,vehicle.car,0.975,52,422,1240,822,0.3867;person.body,0.898,977,255,1052,430,0.0107;person.body,0.892,1115,232,1207,470,0.0178;
535155242,2,other.logo,0.940,162,57,333,240,0.0358;vehicle.car,0.892,133,314,987,595,0.2743;
660124730,2,vehicle.car,0.950,385,253,1437,894,0.5107;vehicle.car,0.838,762,211,1409,444,0.1142;
561087975,2,vehicle.car,0.999,64,498,1119,1096,0.3742;other.sticker,0.965,135,299,360,577,0.0371;
512700676,1,vehicle.car,1.000,108,123,1403,1096,0.7474;
486494171,1,vehicle.car,1.000,18,521,621,1021,0.4147;
535227224,1,vehicle.car,0.999,129,510,1313,1002,0.3452;
722076410,1,other.other,0.000,0,0,1122,1497,0.9953;
513408309,2,vehicle.car,1.000,0,739,990,1522,0.3738;other.sticker,0.992,735,176,997,521,0.0436;
497862040,3,vehicle.car,0.998,110,105,289,200,0.0435;vehicle.car,0.960,296,145,405,200,0.0153;vehicle.car,0.911,71,172,601,570,0.5394;
561276737,1,vehicle.car,0.998,55,127,533,396,0.5569;
566335290,2,vehicle.car,1.000,30,175,663,573,0.5142;other.text,0.982,51,530,176,573,0.0110;
717972010,1,vehicle.car,1.000,205,506,958,937,0.2782;
654055616,1,vehicle.car,1.000,130,80,1222,772,0.7096;
548541928,2,vehicle.car,0.999,322,278,1192,788,0.2629;other.text,0.930,67,193,319,357,0.0245;
621886071,2,vehicle.car,0.999,30,291,1036,989,0.6020;person.body,0.997,8,226,135,542,0.0344;
498853566,2,vehicle.car,0.999,29,335,710,669,0.3053;other.text,0.979,200,860,691,924,0.0422;
584647977,2,vehicle.car,0.998,753,547,1425,1106,0.1467;other.text,0.988,72,516,597,722,0.0422;
660066308,3,vehicle.car,1.000,447,336,1076,730,0.3122;person.body,0.990,413,300,545,559,0.0431;other.logo,0.987,653,504,849,647,0.0353;
650697538,1,vehicle.car,1.000,53,171,981,624,0.4805;
688683854,1,vehicle.car,0.999,236,247,610,484,0.2164;
680935193,2,vehicle.car,0.999,132,296,869,609,0.2936;other.text,0.994,38,671,260,727,0.0158;
538782859,1,vehicle.car,0.987,253,101,960,523,0.3986;
626841794,2,vehicle.car,0.999,67,756,691,979,0.0825;vehicle.car,0.998,835,773,1403,1025,0.0848;
692773180,1,vehicle.car,1.000,232,290,912,540,0.2162;
593255691,1,vehicle.car,1.000,164,210,798,560,0.3673;
608398527,2,vehicle.car,0.886,223,550,1421,1286,0.2953;vehicle.motorbike,0.823,0,459,1444,1255,0.3849;
587864650,4,person.face,0.999,732,337,967,539,0.0281;vehicle.car,0.997,38,551,967,1497,0.5208;other.text,0.942,246,349,630,454,0.0239;other.text,0.832,164,1321,439,1418,0.0158;
638250175,1,other.other,0.000,0,0,1497,1122,0.9962;
615948911,3,person.body,0.996,424,164,704,629,0.2269;other.text,0.984,18,672,288,755,0.0391;goods.clothes,0.981,430,250,629,414,0.0569;
492223454,1,vehicle.car,0.994,26,577,1027,1286,0.3423;
633181299,1,other.other,0.000,0,0,1082,1594,1.0000;
513353340,1,vehicle.car,0.994,64,216,433,440,0.2663;
709721043,1,vehicle.car,0.803,75,816,786,1029,0.1229;
687154321,1,other.other,0.000,0,0,531,398,1.0032;
688226252,1,vehicle.car,0.979,0,122,1018,1542,0.7624;
720548534,1,vehicle.car,0.999,0,472,748,1029,0.4164;
722087159,2,goods.shoe,0.989,1000,853,1107,1070,0.0183;goods.shoe,0.975,855,782,1039,956,0.0253;
513279521,2,vehicle.car,0.992,44,146,1453,1122,0.8156;other.logo,0.985,976,501,1189,609,0.0136;
564130468,1,vehicle.car,0.997,96,126,840,624,0.5360;
549343271,2,vehicle.car,0.994,177,80,664,352,0.4116;other.text,0.899,432,233,519,266,0.0089;
597220994,2,other.text,0.990,31,361,216,439,0.0401;vehicle.car,0.976,36,170,236,245,0.0417;
639439632,1,other.other,0.000,0,0,1076,1916,0.9942;
555926894,1,vehicle.car,0.876,0,47,998,898,0.8493;
687358615,2,vehicle.car,1.000,92,227,1277,715,0.5661;vehicle.car,1.000,670,27,1080,197,0.0682;
613337588,1,goods.shoe,0.992,609,923,792,1069,0.0278;
623180280,3,vehicle.car,0.971,0,231,474,452,0.1137;vehicle.car,0.949,339,227,958,697,0.3157;vehicle.car,0.856,345,174,497,281,0.0176;
631224582,2,vehicle.car,1.000,41,1204,829,1616,0.1566;other.text,0.987,281,484,761,724,0.0556;
592803267,1,vehicle.motorbike,0.886,119,96,1430,1071,0.6741;
536223970,4,vehicle.car,0.997,32,262,277,384,0.0244;vehicle.car,0.968,12,412,719,1228,0.4702;vehicle.car,0.959,774,282,929,432,0.0190;vehicle.car,0.957,217,282,437,399,0.0210;
671372846,1,other.other,0.000,0,0,1277,957,0.9945;
490801374,1,vehicle.car,0.999,0,672,1066,1750,0.5112;
626635024,1,vehicle.car,0.999,305,568,1444,1072,0.3402;
593687024,2,vehicle.car,0.996,74,105,540,399,0.4460;vehicle.car,0.974,100,20,244,102,0.0384;
550164400,4,person.body,0.987,78,20,201,229,0.0178;vehicle.car,0.968,35,146,1113,826,0.5071;goods.clothes,0.878,103,80,163,183,0.0043;other.other,0.855,1065,683,1201,874,0.0180;
618770825,1,other.other,0.000,0,0,1293,807,0.9940;
576215445,1,vehicle.car,0.937,0,122,1078,686,0.6950;
487065043,3,person.body,0.999,336,144,430,459,0.1024;vehicle.car,0.925,71,353,440,608,0.3255;goods.clothes,0.861,352,198,429,316,0.0314;
546642509,1,vehicle.car,0.998,58,132,607,508,0.5309;
625147010,1,other.other,0.837,320,138,513,420,0.1342;
586255919,1,vehicle.car,0.857,26,3,716,712,0.8697;
646657695,1,vehicle.car,1.000,372,354,1380,1058,0.4209;
691247140,1,vehicle.car,0.993,21,199,426,481,0.2824;
500885347,1,vehicle.car,0.993,0,402,930,1072,0.5071;
617071619,1,other.other,0.000,0,0,1022,766,0.9954;
614150418,3,goods.shoe,0.993,245,1092,442,1210,0.0149;vehicle.car,0.933,113,616,1078,1227,0.3789;person.body,0.918,349,718,563,1160,0.0608;
513357045,1,other.other,0.000,0,0,958,718,0.9951;
541598783,1,vehicle.car,0.974,264,548,1066,1102,0.2635;
564851842,1,goods.bag,0.823,94,161,976,1450,0.6737;
671347002,1,vehicle.car,1.000,90,400,1210,777,0.3872;
547477344,1,vehicle.car,0.993,20,257,885,1197,0.6617;
628214027,2,vehicle.car,0.962,158,327,981,833,0.4017;vehicle.motorbike,0.827,80,192,1034,886,0.6386;
539689621,1,goods.bag,0.808,88,171,1292,1000,0.6703;
624223308,1,other.other,0.000,0,0,1293,1725,0.9960;
575300174,1,vehicle.car,0.828,462,233,874,537,0.0746;
641497741,1,other.other,0.000,0,0,1084,1347,1.0015;
673409122,2,vehicle.car,0.997,22,76,460,288,0.5560;other.text,0.974,2,24,113,57,0.0219;
721771075,3,person.body,0.911,531,444,823,928,0.1153;vehicle.bus,0.871,5,232,1275,870,0.6609;goods.clothes,0.804,566,556,743,736,0.0260;
495731419,3,person.body,0.994,294,152,447,502,0.1162;goods.clothes,0.984,300,224,446,397,0.0548;vehicle.car,0.930,330,255,682,543,0.2200;
634781521,1,vehicle.car,0.999,105,325,1117,1149,0.4951;
491571439,1,other.other,0.000,0,0,1281,960,0.9977;
567940259,1,other.other,0.000,0,0,1497,1122,0.9953;
573642960,2,vehicle.car,0.970,0,582,316,878,0.0740;vehicle.car,0.941,457,522,1109,940,0.2157;
675889292,1,vehicle.car,1.000,121,427,906,849,0.3384;
495884673,2,vehicle.car,1.000,6,21,880,643,0.6685;vehicle.car,0.828,795,656,937,726,0.0122;
622493125,2,person.body,0.999,694,259,927,877,0.1138;goods.clothes,0.980,690,354,916,571,0.0387;
673830710,2,vehicle.car,1.000,142,1009,1054,1541,0.2340;other.text,0.999,45,45,656,330,0.0840;
691254790,1,vehicle.car,0.997,21,113,593,471,0.4455;
646036834,3,other.sticker,1.000,13,0,479,366,0.0898;vehicle.car,0.970,502,389,1261,1023,0.2533;other.sticker,0.843,878,30,1122,300,0.0347;
545759827,3,person.body,0.999,210,487,787,1687,0.3339;goods.clothes,0.992,442,701,634,1065,0.0337;goods.shoe,0.945,559,1504,817,1845,0.0424;
535923618,1,other.other,0.000,0,0,1276,796,0.9934;
568726122,1,goods.bag,0.921,13,606,610,912,0.2513;
564102761,1,vehicle.car,0.999,97,65,639,331,0.5313;
572919427,2,vehicle.car,0.997,547,152,875,352,0.0219;vehicle.car,0.996,773,148,1918,973,0.3149;
553402448,1,vehicle.car,0.999,255,268,738,626,0.2372;
626406915,1,vehicle.car,0.997,188,291,983,586,0.3246;
610354426,3,other.logo,0.987,271,646,389,758,0.0176;other.text,0.945,641,0,730,59,0.0070;vehicle.car,0.826,39,432,520,957,0.3367;
614504215,2,vehicle.car,0.996,105,94,571,391,0.4013;other.logo,0.990,94,41,197,108,0.0200;
551487105,1,vehicle.car,0.999,171,276,502,542,0.2150;
617165871,2,vehicle.car,0.994,255,402,1232,1040,0.3810;other.logo,0.991,170,275,262,347,0.0040;
719076714,2,person.body,0.988,108,0,867,1497,0.6733;goods.shoe,0.977,756,1245,1061,1438,0.0349;
591918802,2,person.body,0.975,122,175,474,1003,0.1660;goods.clothes,0.840,90,294,405,611,0.0569;
671870226,2,other.logo,0.979,479,91,594,164,0.0349;other.text,0.892,377,220,476,262,0.0173;
495225214,1,vehicle.car,0.973,211,302,987,1251,0.4364;
664812105,1,other.other,0.000,0,0,1497,1122,0.9953;
685443409,3,vehicle.car,0.998,334,394,1273,774,0.3499;other.text,0.974,107,417,220,796,0.0420;other.text,0.948,162,37,232,262,0.0154;
578992259,2,vehicle.car,0.999,341,131,530,199,0.0197;vehicle.car,0.989,168,148,290,220,0.0134;
546605429,1,vehicle.car,0.996,0,170,788,489,0.4910;
584366842,1,other.other,0.000,0,0,1078,960,0.9981;
692884223,1,vehicle.car,0.996,0,169,1105,549,0.5625;
569692187,1,vehicle.car,1.000,0,178,699,529,0.5007;
546950061,1,vehicle.car,0.998,266,165,819,507,0.3025;
648504974,1,other.other,0.926,364,116,921,618,0.2960;
614059081,2,vehicle.car,0.964,62,332,914,1021,0.3775;other.text,0.851,332,73,442,180,0.0076;
608992087,2,vehicle.car,0.999,130,507,840,807,0.1733;electronics.monitor,0.908,80,352,395,537,0.0474;
585608984,1,other.other,0.000,0,0,1497,1122,0.9953;
488529569,1,other.other,0.000,0,0,1497,1122,0.9953;
513264110,1,other.other,0.000,0,0,1497,1122,0.9962;
606234422,4,person.body,0.999,533,135,952,1074,0.2074;goods.clothes,0.998,580,211,919,701,0.0876;goods.clothes,0.997,603,510,896,1077,0.0876;vehicle.car,0.994,840,273,1495,899,0.2162;
574114401,7,vehicle.car,0.999,217,191,1271,951,0.5151;person.body,0.988,59,25,250,523,0.0612;person.body,0.981,278,28,467,453,0.0516;person.body,0.978,385,45,548,422,0.0395;person.body,0.957,498,59,619,360,0.0234;person.body,0.942,172,34,335,487,0.0475;goods.clothes,0.919,1263,121,1353,273,0.0088;
559097124,1,other.other,0.000,0,0,1122,1497,0.9953;
495561955,1,vehicle.car,0.999,0,289,597,539,0.3644;
534387048,1,vehicle.car,0.993,135,387,792,905,0.2770;
569629959,2,other.text,0.940,4,389,213,434,0.0322;vehicle.car,0.931,209,0,296,46,0.0137;
717972067,1,vehicle.car,0.971,0,55,809,933,0.4875;
672853785,2,vehicle.car,1.000,275,489,1072,844,0.1677;furniture.pottedplant,0.893,1242,495,1427,826,0.0363;
669593470,3,other.text,0.996,742,414,1081,592,0.0847;person.body,0.981,550,121,643,359,0.0311;vehicle.car,0.980,207,249,636,431,0.1096;
531886710,1,vehicle.car,1.000,24,257,617,476,0.3171;
546249168,2,vehicle.car,1.000,375,388,1052,675,0.2268;other.text,0.954,517,7,721,324,0.0755;
557896205,1,vehicle.car,0.928,71,201,565,456,0.3075;
559630834,1,vehicle.car,1.000,2,429,591,858,0.4679;
576388535,1,vehicle.car,1.000,36,274,414,509,0.2169;
616997387,5,person.body,0.998,416,38,636,483,0.2358;vehicle.car,0.966,127,81,592,458,0.4222;goods.clothes,0.955,455,94,609,298,0.0757;other.text,0.936,203,316,291,388,0.0153;goods.clothes,0.911,461,227,633,405,0.0737;
687489650,1,goods.bag,0.899,36,103,528,370,0.3649;
657048766,3,vehicle.car,1.000,51,206,698,464,0.3670;other.sticker,0.998,678,454,776,555,0.0218;other.text,0.979,108,89,210,157,0.0152;
566716790,1,vehicle.car,0.997,25,1054,905,1774,0.3386;
534574180,1,other.text,0.996,297,412,697,517,0.0456;
680927520,1,vehicle.car,1.000,168,304,885,653,0.3185;
646951459,1,other.other,0.000,0,0,2044,1532,0.9954;
545305864,4,vehicle.car,0.998,37,874,1035,1605,0.3518;other.text,0.938,79,161,660,397,0.0661;goods.shoe,0.934,829,1597,1069,1822,0.0260;other.text,0.837,79,135,795,934,0.2759;
650344220,1,vehicle.car,1.000,265,239,1516,1071,0.5454;
490239023,1,other.text,0.857,0,907,270,956,0.0128;
667725882,1,vehicle.car,1.000,210,1076,844,1654,0.1767;
690745376,3,vehicle.car,0.999,25,163,718,447,0.2635;vehicle.car,0.998,27,473,710,870,0.3630;other.text,0.872,702,471,753,566,0.0065;
689801783,2,vehicle.car,1.000,82,112,570,381,0.4838;other.text,0.976,17,39,136,185,0.0640;
708834927,3,person.face,0.998,595,395,779,608,0.0269;person.body,0.967,371,266,1069,1309,0.5001;other.text,0.889,3,1211,324,1345,0.0295;
622065297,2,vehicle.car,0.994,270,292,982,735,0.2567;other.text,0.969,2,222,142,332,0.0125;
607032336,1,vehicle.car,1.000,63,116,1078,648,0.7374;
512692557,2,other.logo,0.952,377,432,632,660,0.0473;other.other,0.808,950,397,1152,620,0.0367;
563207831,1,other.other,0.000,0,0,1239,1653,0.9958;
664278465,6,person.body,0.993,21,374,67,477,0.0091;vehicle.car,0.989,457,382,575,470,0.0200;person.body,0.970,626,364,685,477,0.0129;person.body,0.961,174,350,231,458,0.0119;vehicle.car,0.942,35,404,652,699,0.3511;person.body,0.833,394,361,440,457,0.0085;
532732982,3,vehicle.car,0.945,0,277,185,452,0.0304;other.text,0.912,0,775,350,825,0.0164;vehicle.car,0.845,115,192,1185,675,0.4853;
693360755,1,vehicle.car,0.997,362,188,1435,854,0.5177;
551141306,2,other.text,0.986,0,80,335,277,0.0537;vehicle.car,0.876,0,350,957,1170,0.6386;
720928032,1,other.other,0.000,0,0,1084,1347,1.0015;
687553161,3,vehicle.car,1.000,398,609,1339,984,0.2093;other.text,0.998,979,199,1415,366,0.0432;other.text,0.990,138,492,545,586,0.0227;
571109982,1,other.other,0.000,0,0,1169,1560,0.9947;
589906700,3,vehicle.car,0.998,96,221,735,571,0.4770;other.logo,0.994,555,371,654,446,0.0158;other.text,0.900,28,56,226,257,0.0849;
694101207,1,vehicle.car,0.947,34,228,778,660,0.3674;
548658005,1,vehicle.car,0.999,44,169,989,521,0.5000;
609257444,1,other.other,0.000,0,0,1994,1120,0.9944;
558784872,1,vehicle.car,0.841,51,217,797,510,0.3558;
678561565,2,vehicle.car,1.000,583,592,1377,955,0.1708;other.text,0.990,21,1005,190,1090,0.0085;
687462337,1,vehicle.car,1.000,101,150,577,364,0.2625;
626263104,3,vehicle.car,0.989,104,201,855,643,0.3822;other.text,0.942,28,21,131,88,0.0079;other.text,0.914,906,9,1152,71,0.0176;
683581474,1,vehicle.car,0.989,0,1073,1050,1467,0.1842;
491785879,1,vehicle.car,0.996,101,125,611,347,0.3552;
