718062086	1080	1080	1	vehicle.car,0.959,105,416,958,734,0.2326;	0.253676
718062166	1080	1080	1	vehicle.car,0.959,105,416,958,734,0.2326;	0.253676
714502654	1125	1125	2	person.body,0.996,141,237,248,422,0.0156;vehicle.car,0.839,35,352,1074,1114,0.6256;	0.259489
718715037	1278	720	1	vehicle.car,1.000,100,856,544,1211,0.1713;	0.26714
715466275	426	640	2	vehicle.car,0.999,145,96,504,400,0.4003;vehicle.car,0.965,444,91,625,180,0.0591;	0.269583
712162837	1280	960	5	person.body,0.999,715,475,902,1020,0.0829;other.other,0.992,262,75,427,275,0.0269;vehicle.car,0.989,77,507,867,1167,0.4243;goods.clothes,0.984,760,522,902,805,0.0327;goods.shoe,0.936,805,917,912,1085,0.0146;	0.270865
718711253	1500	1126	2	vehicle.car,0.999,3,768,788,1424,0.3049;person.body,0.859,393,668,604,943,0.0344;	0.270884
714766720	960	1280	1	other.other,0.000,0,0,1277,957,0.9945;	0.278706
718515669	960	1280	1	vehicle.car,0.999,520,415,1020,867,0.1839;	0.28194
712212808	600	800	2	vehicle.car,0.979,84,94,798,481,0.5757;other.text,0.882,666,230,775,317,0.0198;	0.290996
717906250	719	720	2	vehicle.car,0.993,98,238,606,570,0.3258;vehicle.car,0.928,110,142,271,240,0.0305;	0.292309
717978209	1500	1124	3	other.sticker,0.997,820,841,1017,1031,0.0222;other.sticker,0.991,73,853,270,990,0.0160;other.sticker,0.991,442,832,627,981,0.0163;	0.292527
713954125	846	476	1	vehicle.car,0.974,0,187,473,633,0.5239;	0.300847
714932665	1464	1080	2	other.text,0.999,417,212,743,455,0.0501;vehicle.car,0.956,29,595,866,1207,0.3240;	0.301992
718940491	1500	1125	5	other.logo,0.986,489,914,650,1034,0.0114;other.sticker,0.984,44,0,422,478,0.1071;other.sticker,0.979,709,987,1099,1415,0.0989;vehicle.car,0.979,79,170,1049,1336,0.6702;other.sticker,0.853,123,1239,325,1412,0.0207;	0.305316
721506677	1124	1500	1	other.other,0.000,0,0,1497,1122,0.9962;	0.308951
712117842	640	640	2	vehicle.car,1.000,0,56,607,561,0.7484;other.logo,0.878,226,415,331,516,0.0259;	0.309528
720421228	640	640	2	vehicle.car,1.000,0,56,607,561,0.7484;other.logo,0.878,226,415,331,516,0.0259;	0.309528
718323606	1023	1080	2	vehicle.car,0.867,200,338,1031,871,0.4009;other.sticker,0.857,143,32,468,255,0.0656;	0.311602
716364218	800	800	2	other.sticker,0.999,489,34,705,280,0.0830;vehicle.car,0.982,14,183,648,736,0.5478;	0.31755
721055904	1125	1500	1	other.other,0.000,0,0,1497,1122,0.9953;	0.322501
713058734	886	720	3	vehicle.car,1.000,381,199,555,261,0.0169;vehicle.car,0.998,213,209,360,272,0.0145;vehicle.car,0.996,26,254,645,708,0.4405;	0.322943
716450022	1500	1124	2	vehicle.car,1.000,0,190,1087,923,0.4726;person.body,0.896,103,97,229,261,0.0123;	0.323088
717685298	640	852	3	other.text,0.986,334,466,528,534,0.0242;other.text,0.980,233,32,601,130,0.0661;vehicle.car,0.842,82,0,701,574,0.6516;	0.329342
721354798	640	852	3	other.text,0.986,334,466,528,534,0.0242;other.text,0.980,233,32,601,130,0.0661;vehicle.car,0.842,82,0,701,574,0.6516;	0.329342
717612500	1125	1500	5	vehicle.car,0.990,199,311,1154,1107,0.4505;goods.clothes,0.985,1020,308,1383,850,0.1166;person.body,0.971,1011,164,1386,1087,0.2051;other.sticker,0.965,18,879,275,1084,0.0312;other.sticker,0.933,149,0,753,226,0.0809;	0.336707
713977439	1293	960	3	other.sticker,0.993,78,258,379,518,0.0630;vehicle.car,0.974,174,460,919,1088,0.3769;person.body,0.964,40,480,255,1058,0.1001;	0.340593
713977449	1293	960	3	other.sticker,0.993,78,258,379,518,0.0630;vehicle.car,0.974,174,460,919,1088,0.3769;person.body,0.964,40,480,255,1058,0.1001;	0.340593
714332611	1296	1728	2	person.body,0.996,722,300,958,645,0.0364;vehicle.car,0.986,30,459,1721,992,0.4025;	0.341734
716044382	800	800	4	vehicle.car,1.000,163,333,731,675,0.3035;person.body,0.999,142,291,306,625,0.0856;goods.clothes,0.996,177,330,283,480,0.0248;other.text,0.911,292,548,406,591,0.0077;	0.344054
718332902	474	639	1	vehicle.car,0.948,0,131,632,403,0.5676;	0.347117
716380071	562	750	1	other.other,0.000,0,0,749,561,0.9969;	0.349435
718545304	1500	1124	1	vehicle.car,0.999,220,659,809,1184,0.1834;	0.349787
721237514	1125	1125	3	vehicle.car,1.000,141,187,890,798,0.3616;furniture.pottedplant,0.973,734,683,1123,1081,0.1223;furniture.pottedplant,0.831,398,90,536,237,0.0160;	0.350714
711991377	1499	1124	1	vehicle.car,0.999,117,193,990,741,0.2839;	0.354656
715340261	720	1278	3	vehicle.car,0.993,172,195,706,674,0.2780;person.body,0.992,849,155,983,484,0.0479;person.body,0.897,769,167,911,449,0.0435;	0.360192
719591702	1634	1215	3	other.sticker,1.000,29,450,495,884,0.1019;vehicle.car,0.986,370,629,1165,1631,0.4012;vehicle.car,0.913,606,533,1210,760,0.0691;	0.360577
716209575	1600	1200	1	vehicle.car,1.000,119,809,941,1169,0.1541;	0.362334
715018651	1500	1124	3	other.sticker,0.997,735,82,1002,357,0.0435;person.body,0.993,190,630,384,1233,0.0694;vehicle.car,0.989,226,706,1090,1304,0.3064;	0.365828
715905030	1500	1124	2	vehicle.car,0.998,88,642,1028,1497,0.4767;person.body,0.991,507,563,762,914,0.0531;	0.368644
715962535	1500	1124	1	other.other,0.000,0,0,1122,1497,0.9962;	0.368644
714182510	960	1280	2	vehicle.car,1.000,45,167,1220,882,0.6837;other.sticker,0.998,990,570,1277,897,0.0764;	0.375432
718945333	1280	960	2	vehicle.car,0.998,10,362,847,1172,0.5517;other.sticker,0.975,57,120,372,462,0.0877;	0.381126
715690450	1500	1124	2	other.text,0.984,3,381,284,530,0.0248;vehicle.car,0.970,82,486,979,1195,0.3772;	0.386235
721451583	1125	1125	3	vehicle.car,0.999,2,31,1026,971,0.7605;other.logo,0.995,464,545,648,622,0.0112;other.text,0.905,422,760,628,881,0.0197;	0.388024
714922728	972	1296	1	other.other,0.000,0,0,1293,969,0.9946;	0.388912
715784383	607	1080	3	vehicle.car,0.998,17,68,546,418,0.2824;vehicle.car,0.995,205,63,977,289,0.2661;vehicle.car,0.898,730,44,1044,243,0.0953;	0.38902
716461171	1500	1125	3	other.text,0.999,79,182,817,530,0.1522;vehicle.car,0.993,469,800,1113,1362,0.2145;person.body,0.979,398,820,548,1228,0.0363;	0.389357
718337590	1125	1500	1	vehicle.car,1.000,0,193,1362,771,0.4665;	0.391338
718811624	1500	1124	4	vehicle.car,0.999,32,606,835,1289,0.3253;person.body,0.995,744,478,1005,1251,0.1197;goods.clothes,0.989,727,606,1017,949,0.0590;goods.shoe,0.907,823,1151,1008,1371,0.0241;	0.392987
718683612	1920	1080	4	vehicle.car,1.000,41,956,990,1466,0.2334;other.text,0.989,247,214,772,382,0.0425;other.text,0.978,394,686,660,907,0.0283;other.sticker,0.872,326,1575,870,1834,0.0679;	0.39407
717988479	758	580	2	vehicle.car,0.963,31,108,579,637,0.6594;vehicle.car,0.861,320,530,487,640,0.0418;	0.396792
719458339	1125	1565	1	vehicle.car,0.999,0,24,1470,1119,0.9142;	0.396967
720777058	1500	1125	2	person.body,0.986,539,735,729,1008,0.0307;vehicle.car,0.909,67,841,1093,1485,0.3916;	0.397243
720901574	1125	1125	3	vehicle.car,0.996,92,134,1085,967,0.6536;person.body,0.987,949,110,1042,371,0.0192;other.logo,0.858,341,740,620,866,0.0278;	0.39741
717115667	1728	1296	1	vehicle.car,0.986,121,607,958,1397,0.2953;	0.400083
719508873	1125	1500	1	other.other,0.000,0,0,1497,1122,0.9953;	0.403949
715865575	1500	1124	2	vehicle.car,0.992,44,577,1075,1052,0.2905;other.logo,0.908,788,829,984,961,0.0153;	0.404566
715404459	1113	1113	1	vehicle.car,0.999,104,387,989,893,0.3615;	0.40506
718930381	1124	1500	3	person.body,0.997,996,311,1154,844,0.0499;person.body,0.980,1195,354,1269,601,0.0108;vehicle.car,0.945,442,331,1061,976,0.2368;	0.405747
713393078	1000	640	1	vehicle.car,1.000,25,393,535,674,0.2239;	0.407777
716732027	1124	1500	1	other.other,0.000,0,0,1497,1122,0.9962;	0.411059
715380546	1500	1125	3	other.text,0.989,647,1354,1072,1471,0.0295;other.text,0.969,114,182,615,354,0.0511;vehicle.car,0.958,44,425,970,1403,0.5367;	0.412552
711895793	582	639	3	vehicle.car,0.998,250,282,634,504,0.2292;other.text,0.986,120,454,286,537,0.0370;vehicle.car,0.819,39,328,125,402,0.0171;	0.412996
714015669	1500	1125	2	vehicle.car,1.000,12,82,630,624,0.1985;other.logo,0.958,636,779,779,932,0.0130;	0.413471
717044301	960	1280	2	vehicle.car,0.999,0,235,1092,805,0.5065;person.body,0.961,932,310,1235,665,0.0875;	0.414668
716547204	1420	800	2	vehicle.car,1.000,161,635,729,993,0.1790;person.body,0.848,161,544,294,924,0.0445;	0.41472
720472498	640	1136	1	vehicle.car,0.998,178,95,1072,490,0.4857;	0.415743
721047918	1280	960	1	vehicle.car,1.000,180,210,812,525,0.1620;	0.416548
719043316	1125	1125	1	vehicle.car,1.000,145,323,1055,859,0.3854;	0.416664
712611199	1062	798	2	vehicle.car,1.000,97,398,697,745,0.2457;other.text,0.972,668,761,751,844,0.0081;	0.417702
712342263	960	1280	3	vehicle.car,0.999,22,197,1267,957,0.7700;other.sticker,0.965,2,525,175,950,0.0598;other.logo,0.807,860,797,1055,945,0.0235;	0.419513
718966149	1280	960	2	other.text,0.984,90,612,390,747,0.0330;vehicle.car,0.903,60,107,920,1115,0.7055;	0.421347
721085271	1280	960	1	vehicle.car,0.999,52,137,927,1120,0.7000;	0.422156
721088212	1280	960	1	vehicle.car,0.999,52,137,927,1120,0.7000;	0.422156
712085730	1500	1125	2	vehicle.car,1.000,193,563,1119,1257,0.3808;other.text,0.902,0,747,700,1465,0.2978;	0.423191
720856827	960	1280	1	other.other,0.000,0,0,1277,957,0.9945;	0.42367
713708905	1920	1080	3	vehicle.car,0.999,82,611,1001,1320,0.3142;other.text,0.866,30,60,229,180,0.0115;other.text,0.856,139,1695,915,1890,0.0730;	0.424974
721470105	1124	1500	1	vehicle.car,0.994,193,67,1274,747,0.4360;	0.425907
716995991	1125	1500	3	vehicle.car,0.998,237,390,1274,1122,0.4498;person.body,0.988,601,111,814,434,0.0408;vehicle.car,0.981,6,425,196,589,0.0185;	0.427611
713163217	1500	1124	3	vehicle.car,0.985,15,214,1122,1271,0.6940;other.text,0.968,357,1169,771,1324,0.0381;other.logo,0.948,460,867,571,996,0.0085;	0.428732
715221607	1500	1125	2	other.sticker,0.999,686,0,1087,410,0.0974;vehicle.car,0.961,53,460,1055,1175,0.4246;	0.429924
715053021	1500	1125	1	vehicle.car,0.985,419,738,1119,1242,0.2091;	0.432873
716887772	1500	1125	2	vehicle.car,0.998,12,281,1107,1195,0.5931;other.logo,0.967,483,779,683,891,0.0133;	0.434781
716887991	1500	1125	1	other.other,0.000,0,0,1122,1497,0.9953;	0.434781
714190773	1498	1124	3	vehicle.car,0.999,82,453,1112,1284,0.5083;other.logo,0.988,448,1276,679,1442,0.0228;other.text,0.925,105,1050,328,1176,0.0167;	0.434818
715168078	1500	1125	1	vehicle.car,0.997,70,252,1037,1304,0.6028;	0.43525
713261681	1280	960	3	vehicle.car,1.000,92,577,925,1157,0.3932;person.body,0.983,107,600,282,1027,0.0608;person.body,0.921,315,482,530,667,0.0324;	0.435356
716529033	1920	1080	2	vehicle.car,1.000,26,964,982,1485,0.2402;other.text,0.998,7,169,1076,937,0.3959;	0.43615
712925211	1280	960	4	vehicle.car,0.983,92,530,840,1142,0.3725;other.logo,0.979,245,857,422,937,0.0115;other.text,0.956,227,1017,427,1100,0.0135;person.body,0.891,307,325,567,747,0.0893;	0.436152
713726433	1500	1124	2	vehicle.car,0.997,64,264,1025,1354,0.6213;other.sticker,0.997,867,1210,1066,1468,0.0305;	0.436789
712767628	480	720	4	vehicle.car,0.999,117,132,582,426,0.3956;other.text,0.958,28,217,181,284,0.0297;other.text,0.957,602,435,709,480,0.0139;other.text,0.882,323,339,418,391,0.0143;	0.436939
717077952	1124	1686	1	vehicle.car,0.999,458,405,1143,1126,0.2606;	0.437042
715782445	1079	1440	1	other.other,0.000,0,0,1437,1077,0.9961;	0.437173
713062368	960	1280	4	other.sticker,0.999,960,0,1272,425,0.1079;vehicle.car,0.999,175,165,1082,862,0.5145;other.text,0.983,415,657,742,775,0.0314;other.logo,0.941,515,512,642,625,0.0117;	0.437945
718909394	810	1080	4	goods.clothes,0.963,287,124,435,327,0.0343;vehicle.car,0.869,304,297,1023,806,0.4183;other.logo,0.866,599,603,791,772,0.0371;person.body,0.802,173,76,475,749,0.2323;	0.438034
719517531	1500	1124	3	vehicle.car,0.983,161,369,1122,850,0.2742;vehicle.car,0.956,38,401,442,709,0.0738;other.sticker,0.829,510,510,855,741,0.0473;	0.438102
716413859	1500	1125	3	other.text,0.981,850,1336,1090,1456,0.0171;vehicle.car,0.980,0,103,1090,1172,0.6905;other.logo,0.908,457,519,747,668,0.0256;	0.438359
716417143	1280	960	3	vehicle.car,0.999,302,535,895,1112,0.2785;person.body,0.999,115,545,247,975,0.0462;goods.clothes,0.868,105,650,252,885,0.0281;	0.438429
721099884	1500	1122	2	other.logo,0.944,486,1093,686,1225,0.0157;vehicle.car,0.918,26,229,1104,1242,0.6488;	0.438764
714360971	960	1280	4	vehicle.car,0.999,7,12,1277,927,0.9457;other.text,0.955,57,815,375,935,0.0311;other.text,0.950,962,630,1177,765,0.0236;other.logo,0.907,990,480,1127,597,0.0130;	0.43932
714103294	640	640	3	vehicle.car,0.993,49,194,454,491,0.2937;other.logo,0.908,436,401,504,441,0.0066;furniture.pottedplant,0.855,240,107,314,202,0.0172;	0.441086
719103398	960	960	3	other.text,0.982,352,555,549,632,0.0165;vehicle.car,0.966,109,216,814,675,0.3511;other.sticker,0.951,411,733,574,892,0.0281;	0.442561
718893580	1122	1122	2	vehicle.car,0.999,245,576,857,1085,0.2474;person.body,0.865,250,565,329,736,0.0107;	0.443339
716180264	719	720	4	person.face,0.961,111,191,181,266,0.0101;person.body,0.950,93,177,266,523,0.1156;vehicle.car,0.942,65,228,667,548,0.3721;goods.shoe,0.931,89,481,179,557,0.0132;	0.443344
715096445	904	1208	1	vehicle.car,1.000,68,0,1180,878,0.8941;	0.444234
715464788	1500	1125	1	vehicle.car,0.996,12,29,1096,1184,0.7419;	0.445607
712861893	960	960	4	vehicle.car,0.998,15,315,656,892,0.4013;other.text,0.993,336,853,636,939,0.0280;goods.clothes,0.980,6,261,182,493,0.0443;person.body,0.948,26,101,216,894,0.1635;	0.445734
716405046	1125	1500	4	person.body,0.998,683,372,826,855,0.0409;vehicle.car,0.987,97,434,718,850,0.1531;vehicle.car,0.987,788,372,1368,873,0.1722;other.text,0.877,855,949,1438,1107,0.0546;	0.446157
716632675	1125	1158	3	vehicle.car,1.000,242,491,1106,753,0.1738;vehicle.car,0.987,79,509,430,744,0.0633;other.text,0.906,599,844,1022,1074,0.0747;	0.44692
715146712	1500	1125	3	other.sticker,0.996,419,354,809,747,0.0908;vehicle.car,0.993,9,565,1040,1424,0.5248;person.body,0.807,442,469,765,961,0.0942;	0.447147
713036191	800	601	1	other.other,0.000,0,0,598,798,0.9925;	0.447319
715206931	1500	1124	3	vehicle.car,0.995,231,794,1090,1497,0.3582;person.body,0.938,823,729,952,999,0.0207;person.body,0.934,129,791,328,1327,0.0633;	0.447703
716603776	1280	960	1	other.other,0.000,0,0,957,1277,0.9945;	0.448227
715131930	1134	639	2	vehicle.car,1.000,18,447,607,698,0.2040;other.text,0.995,461,93,585,290,0.0337;	0.448738
712791870	1500	1125	1	vehicle.car,0.956,29,229,1099,1189,0.6087;	0.44956
712978038	828	908	3	vehicle.car,1.000,94,172,670,702,0.4061;other.sticker,1.000,690,543,906,825,0.0810;person.body,0.955,601,165,718,481,0.0492;	0.449901
713136298	1278	960	1	other.other,0.000,0,0,956,1276,0.9943;	0.450709
720431380	1500	1124	1	other.other,0.000,0,0,1122,1497,0.9962;	0.451464
714538812	1280	960	1	vehicle.car,0.999,15,350,677,1012,0.3566;	0.452908
721432930	1092	1452	2	vehicle.car,1.000,0,71,1259,916,0.6710;person.body,0.930,899,244,1214,862,0.1228;	0.452999
711989492	1125	1500	1	other.other,0.000,0,0,1497,1122,0.9953;	0.454806
715239538	1125	1500	1	other.other,0.000,0,0,1497,1122,0.9953;	0.454867
716797344	1500	1125	1	vehicle.car,1.000,59,170,1122,917,0.4706;	0.455054
720269054	1125	1500	1	other.other,0.000,0,0,1497,1122,0.9953;	0.455358
714937208	1278	942	4	other.text,0.993,110,1198,804,1273,0.0432;goods.clothes,0.983,552,569,859,889,0.0816;other.sticker,0.974,547,437,819,686,0.0563;vehicle.car,0.946,17,592,789,1126,0.3424;	0.455417
712746751	1515	1125	6	vehicle.car,1.000,83,476,1074,1181,0.4099;other.sticker,0.996,89,30,269,201,0.0181;other.sticker,0.993,33,1101,370,1491,0.0771;other.sticker,0.954,920,1151,1121,1447,0.0349;other.sticker,0.922,920,805,1121,1178,0.0440;other.sticker,0.900,855,47,1018,210,0.0156;	0.455788
715209059	1280	960	1	vehicle.car,1.000,12,422,890,1097,0.4823;	0.456039
713719773	1920	1080	2	vehicle.car,1.000,37,739,994,1294,0.2561;other.text,0.981,71,285,255,660,0.0333;	0.457859
721463104	1500	1124	1	other.other,0.000,0,0,1122,1497,0.9962;	0.457904
720269355	1500	1125	1	vehicle.car,1.000,44,431,1046,1151,0.4275;	0.458327
719256571	3042	2282	2	vehicle.car,0.987,446,707,1836,1943,0.2475;electronics.cellphone,0.928,957,1990,1254,2323,0.0142;	0.458365
715277065	1124	1124	3	vehicle.car,0.999,9,569,1122,1058,0.4308;goods.flower,0.943,465,555,784,760,0.0518;goods.flower,0.845,775,503,1041,703,0.0421;	0.458473
715964668	800	800	3	vehicle.car,0.993,0,127,784,648,0.6382;other.text,0.974,314,453,500,522,0.0201;other.logo,0.971,367,294,450,341,0.0061;	0.45851
719511609	1278	960	2	vehicle.car,1.000,112,447,829,1078,0.3688;other.sticker,0.910,160,35,724,354,0.1466;	0.458597
718773599	1278	960	3	vehicle.car,1.000,192,921,886,1276,0.2008;other.sticker,0.990,394,639,699,789,0.0373;other.sticker,0.940,312,307,457,489,0.0215;	0.45958
719850977	640	640	4	person.body,0.998,464,250,559,615,0.0847;other.text,0.978,32,179,596,229,0.0688;goods.clothes,0.972,454,350,555,512,0.0399;vehicle.car,0.945,86,330,529,630,0.3245;	0.45972
714049080	1124	1500	2	vehicle.car,0.999,0,149,1424,984,0.7052;other.sticker,0.990,41,0,574,363,0.1148;	0.459792
716444378	1124	1500	2	vehicle.car,0.999,0,149,1424,984,0.7052;other.sticker,0.990,41,0,574,363,0.1148;	0.459792
719677133	1280	960	2	vehicle.car,1.000,7,62,955,827,0.5902;other.logo,0.913,235,540,382,710,0.0203;	0.460267
713165770	960	1280	1	vehicle.car,0.996,120,270,1152,720,0.3779;	0.460631
712611731	1422	798	1	vehicle.car,1.000,111,578,633,944,0.1684;	0.461477
712936739	746	1080	3	other.sticker,0.999,221,0,517,281,0.1032;other.text,0.859,363,460,515,527,0.0126;vehicle.car,0.814,167,80,924,707,0.5891;	0.461709
719597377	810	1080	1	other.other,0.000,0,0,1078,808,0.9957;	0.462248
718396914	1500	1125	2	other.sticker,0.998,633,170,1017,457,0.0653;vehicle.car,0.994,0,240,1090,1474,0.7971;	0.46373
721312138	1440	1080	2	vehicle.car,1.000,177,664,900,1364,0.3254;other.text,0.906,28,405,211,818,0.0486;	0.463857
718534900	1992	1494	2	vehicle.car,0.986,0,198,1447,1879,0.8173;other.logo,0.940,708,1237,1229,1661,0.0742;	0.46412
718083617	1280	960	3	other.sticker,1.000,590,5,935,320,0.0884;vehicle.car,0.988,230,467,775,1017,0.2439;other.text,0.955,62,145,172,932,0.0705;	0.464184
714301913	960	1280	1	other.other,0.000,0,0,1277,957,0.9945;	0.464449
715782391	1500	1124	6	vehicle.car,1.000,114,360,1122,1198,0.5010;other.sticker,0.999,0,0,357,381,0.0807;other.sticker,0.992,0,1128,384,1497,0.0840;other.sticker,0.989,363,1207,700,1497,0.0580;other.logo,0.985,826,826,1028,949,0.0147;other.sticker,0.983,715,1239,1028,1482,0.0451;	0.464823
715782638	1500	1124	6	vehicle.car,1.000,114,360,1122,1198,0.5010;other.sticker,0.999,0,0,357,381,0.0807;other.sticker,0.992,0,1128,384,1497,0.0840;other.sticker,0.989,363,1207,700,1497,0.0580;other.logo,0.985,826,826,1028,949,0.0147;other.sticker,0.983,715,1239,1028,1482,0.0451;	0.464823
715966729	800	800	3	vehicle.car,0.989,0,133,798,606,0.5898;other.logo,0.983,355,286,439,345,0.0077;other.text,0.881,270,434,516,533,0.0381;	0.465195
717492790	1125	1125	2	vehicle.car,0.973,75,396,760,921,0.2841;person.body,0.953,486,303,648,565,0.0335;	0.466407
716030130	1280	960	3	other.text,0.988,530,150,905,500,0.1068;vehicle.car,0.985,662,500,917,662,0.0336;vehicle.car,0.879,77,452,887,1177,0.4779;	0.466658
712912641	1122	1122	2	vehicle.car,0.994,300,261,988,791,0.2897;other.logo,0.944,548,440,677,561,0.0124;	0.466884
720985252	1124	1124	3	vehicle.car,1.000,101,470,1078,964,0.3820;other.logo,0.859,180,206,468,305,0.0226;other.text,0.841,577,252,1109,356,0.0438;	0.467105
711859000	1500	1125	2	vehicle.car,1.000,185,337,1069,987,0.3405;vehicle.car,0.897,0,442,208,691,0.0307;	0.467295
712125193	1124	1124	1	vehicle.car,1.000,13,171,1030,681,0.4105;	0.467367
716283350	648	1152	1	vehicle.car,0.991,0,52,972,583,0.6914;	0.467432
716256627	1704	960	1	vehicle.car,0.905,17,416,775,1241,0.3823;	0.467787
720112215	1185	1170	4	other.text,0.996,35,93,349,255,0.0367;vehicle.car,0.991,0,123,1173,1072,0.8029;other.text,0.955,146,842,444,988,0.0314;goods.bag,0.879,118,134,1173,648,0.3911;	0.468187
712028953	600	800	1	vehicle.car,0.994,117,77,688,466,0.4627;	0.468662
720892064	1280	960	1	vehicle.car,0.999,17,385,927,1060,0.4999;	0.469074
713540345	1124	1500	2	vehicle.car,0.994,0,100,1436,952,0.7257;other.logo,0.949,1107,595,1395,894,0.0511;	0.469414
713222531	960	960	5	vehicle.car,1.000,244,291,699,716,0.2098;vehicle.car,0.999,652,234,825,367,0.0250;vehicle.car,0.993,182,266,341,362,0.0166;other.text,0.986,54,111,171,846,0.0933;other.text,0.862,52,587,152,844,0.0279;	0.46976
716966797	1280	960	1	vehicle.car,0.959,57,297,917,997,0.4899;	0.469961
720376252	960	960	1	vehicle.car,1.000,41,394,926,812,0.4014;	0.470275
721083337	930	1242	4	vehicle.car,0.999,116,277,626,713,0.1925;vehicle.car,0.993,1021,264,1210,386,0.0200;goods.clothes,0.968,597,303,762,614,0.0444;other.text,0.878,5,109,272,306,0.0455;	0.470396
721446427	1125	1125	2	vehicle.car,0.987,176,494,1079,853,0.2561;other.text,0.953,505,105,956,294,0.0673;	0.470471
716225336	1500	1124	1	vehicle.car,0.957,70,709,1122,1195,0.3032;	0.470483
717966045	668	668	4	person.body,0.999,314,174,408,299,0.0263;person.body,0.999,87,160,219,515,0.1050;vehicle.car,0.996,103,220,545,519,0.2962;goods.clothes,0.988,104,209,197,339,0.0271;	0.470782
717162013	1686	1125	3	vehicle.car,0.992,158,915,1077,1452,0.2602;other.text,0.988,866,40,1050,497,0.0443;goods.book,0.834,283,260,767,771,0.1304;	0.470865
721284401	1500	1124	2	other.logo,0.931,732,1172,870,1342,0.0139;vehicle.car,0.869,3,205,1113,1497,0.8506;	0.471645
720645010	1125	1500	1	other.other,0.000,0,0,1497,1122,0.9953;	0.471718
711838326	1125	1500	1	vehicle.car,1.000,346,64,1207,940,0.4470;	0.471761
718810220	960	960	3	vehicle.car,0.998,178,210,677,626,0.2252;vehicle.car,0.978,64,231,270,367,0.0304;other.logo,0.865,371,484,529,583,0.0170;	0.472128
714428527	1124	1124	3	other.sticker,0.998,68,782,378,1122,0.0834;person.body,0.985,643,367,766,626,0.0252;vehicle.car,0.953,162,443,814,986,0.2802;	0.472184
713935968	1500	1125	1	vehicle.car,0.996,105,419,1122,1406,0.5948;	0.472292
715698332	1080	1080	1	vehicle.car,1.000,179,437,903,778,0.2117;	0.472466
719375461	1280	1280	2	vehicle.car,1.000,215,302,1087,802,0.2661;vehicle.car,0.988,990,360,1240,532,0.0262;	0.472521
714001546	1278	960	3	vehicle.car,0.989,132,272,839,919,0.3728;other.text,0.923,20,534,185,634,0.0134;person.body,0.827,434,237,614,492,0.0374;	0.473142
717551502	1125	1500	1	vehicle.car,0.992,217,410,1371,1058,0.4431;	0.473468
718277367	1278	960	1	other.other,0.000,0,0,956,1276,0.9943;	0.47357
715448931	972	1296	2	vehicle.car,0.992,33,28,1207,828,0.7456;other.text,0.865,539,645,1147,830,0.0893;	0.473921
712897382	1125	1500	3	other.sticker,1.000,21,0,416,349,0.0817;other.sticker,0.997,1008,794,1444,1122,0.0847;vehicle.car,0.985,64,691,1107,1119,0.2645;	0.474053
720839981	1356	1356	3	vehicle.car,0.998,124,395,1261,1001,0.3747;person.body,0.998,109,273,352,916,0.0850;goods.clothes,0.868,124,400,347,620,0.0267;	0.474085
716770460	1500	1124	3	other.sticker,1.000,188,0,466,199,0.0328;vehicle.car,0.992,138,360,1002,1040,0.3485;other.sticker,0.972,15,1143,155,1295,0.0126;	0.474172
720053839	1500	1125	2	vehicle.car,0.998,21,363,1031,1313,0.5686;other.text,0.826,352,1046,788,1134,0.0227;	0.474282
714733646	960	960	3	vehicle.car,0.992,15,221,934,731,0.5086;other.logo,0.983,227,427,360,512,0.0123;other.logo,0.885,538,279,630,356,0.0077;	0.474645
717992277	1280	960	3	other.sticker,0.997,0,0,257,207,0.0433;vehicle.car,0.988,0,167,957,1167,0.7788;other.logo,0.800,627,932,787,1062,0.0169;	0.474695
711751522	1704	960	3	vehicle.car,1.000,10,649,872,1085,0.2297;other.text,0.989,775,196,899,536,0.0258;other.logo,0.913,77,1235,216,1381,0.0124;	0.474938
715926069	1124	1500	1	other.other,0.000,0,0,1497,1122,0.9962;	0.475142
719716565	1124	1124	1	vehicle.car,0.997,351,593,992,891,0.1512;	0.475299
719800172	1124	1124	1	vehicle.car,0.997,351,593,992,891,0.1512;	0.475299
714223949	1124	1500	6	person.body,0.998,1099,451,1280,896,0.0478;vehicle.car,0.991,270,460,958,1093,0.2583;other.sticker,0.988,0,255,387,683,0.0982;other.sticker,0.986,530,352,765,583,0.0322;other.text,0.977,943,741,1342,1099,0.0847;person.body,0.917,838,337,1063,747,0.0547;	0.475977
717769911	1296	1296	2	vehicle.car,0.990,116,607,1012,1045,0.2337;person.body,0.985,805,410,972,830,0.0418;	0.476644
716937202	1500	1124	2	vehicle.car,0.904,0,214,999,981,0.4545;other.sticker,0.876,202,545,445,756,0.0304;	0.477141
714299544	960	1280	1	vehicle.car,0.999,140,187,915,862,0.4257;	0.477247
719421893	960	1280	1	other.other,0.000,0,0,1277,957,0.9945;	0.47736
716839857	1500	1125	1	vehicle.car,0.908,0,480,1122,1383,0.6004;	0.477642
719801398	1268	948	3	vehicle.car,0.999,40,456,830,859,0.2649;other.text,0.989,116,619,285,693,0.0104;other.logo,0.847,599,755,736,892,0.0156;	0.478231
712862163	960	960	4	other.sticker,0.994,0,77,313,562,0.1647;vehicle.car,0.992,154,244,744,844,0.3841;other.sticker,0.974,401,15,572,131,0.0215;other.text,0.813,521,637,952,879,0.1132;	0.479186
711921873	960	720	1	vehicle.car,0.999,219,386,664,626,0.1545;	0.47938
716814196	1125	1125	2	vehicle.car,1.000,299,288,1096,644,0.2242;other.sticker,0.998,156,554,479,857,0.0773;	0.479401
719510144	1500	1125	2	vehicle.car,0.989,6,363,1084,1239,0.5596;other.text,0.888,920,141,1075,258,0.0107;	0.47944
713169094	960	1280	1	other.other,0.000,0,0,1277,957,0.9945;	0.479442
718176581	1500	1124	1	vehicle.car,0.999,129,987,1058,1497,0.2810;	0.479681
720134444	1093	1080	5	other.text,0.996,32,88,322,235,0.0361;vehicle.car,0.991,0,94,1082,1018,0.8469;other.text,0.985,149,796,395,892,0.0200;other.text,0.917,45,993,218,1080,0.0128;goods.bag,0.845,98,115,1082,604,0.4076;	0.47994
712173042	1280	1280	3	vehicle.car,1.000,367,530,1277,822,0.1622;person.body,0.984,142,407,372,917,0.0716;goods.clothes,0.880,152,525,352,802,0.0338;	0.480295
718303984	1080	1080	1	vehicle.car,0.961,148,211,983,789,0.4138;	0.480647
715080876	1125	1500	2	vehicle.car,1.000,589,211,1397,636,0.2035;vehicle.car,0.992,47,220,659,803,0.2114;	0.48104
719515543	1164	870	2	vehicle.car,1.000,23,368,843,1105,0.5968;vehicle.car,0.812,702,487,828,612,0.0156;	0.481438
719062563	1920	1440	6	other.sticker,0.997,150,22,446,270,0.0266;other.sticker,0.996,1012,1282,1305,1477,0.0207;vehicle.car,0.983,52,450,1436,1271,0.4110;other.logo,0.959,577,952,840,1237,0.0271;other.text,0.955,142,1384,495,1631,0.0315;other.logo,0.899,559,56,750,247,0.0132;	0.4815
720530043	1500	1125	2	vehicle.car,1.000,32,47,1122,899,0.5503;vehicle.car,0.846,779,38,1110,478,0.0863;	0.481765
711984647	1124	1500	3	other.text,0.964,6,94,94,234,0.0073;other.logo,0.928,592,656,721,861,0.0157;vehicle.car,0.800,82,434,844,908,0.2142;	0.481899
714500263	1296	1296	1	vehicle.car,1.000,38,478,1245,926,0.3219;	0.481901
715447081	1280	960	1	other.other,0.000,0,0,957,1277,0.9945;	0.482113
715272482	1280	960	4	vehicle.car,1.000,7,800,800,1262,0.2981;goods.other,0.967,27,452,165,750,0.0335;goods.other,0.925,610,475,750,660,0.0211;goods.other,0.823,810,440,957,642,0.0242;	0.482131
712405492	1500	1125	1	vehicle.car,1.000,62,665,923,1395,0.3725;	0.482205
713596322	1280	960	2	vehicle.car,0.999,125,545,830,1095,0.3156;other.text,0.992,610,1135,905,1247,0.0269;	0.482245
718155300	1500	1125	1	other.other,0.000,0,0,1122,1497,0.9953;	0.482337
714937554	608	1080	3	vehicle.car,0.993,0,4,1019,605,0.9327;other.text,0.987,0,521,1034,586,0.1024;other.text,0.926,293,369,494,473,0.0318;	0.482603
716408224	960	960	3	other.sticker,0.996,637,94,885,322,0.0614;vehicle.car,0.995,88,171,787,720,0.4164;other.sticker,0.962,36,28,289,276,0.0681;	0.482635
715382145	1125	1125	1	vehicle.car,0.988,86,105,1123,945,0.6883;	0.482853
712170740	1440	1080	1	vehicle.car,1.000,28,675,830,1243,0.2929;	0.48292
714837294	1280	960	2	vehicle.car,0.999,122,400,857,960,0.3350;other.text,0.870,617,1187,957,1267,0.0221;	0.483044
716427135	1500	1125	3	other.sticker,0.995,97,205,466,434,0.0501;person.body,0.965,372,428,674,905,0.0854;vehicle.car,0.810,188,776,911,1497,0.3089;	0.483281
719258266	1500	1124	1	vehicle.car,0.970,0,270,1122,1242,0.6468;	0.483457
714987193	1500	1500	2	vehicle.car,0.999,393,577,1148,1163,0.1966;person.body,0.974,650,472,867,867,0.0381;	0.483598
712746218	960	1280	1	other.other,0.000,0,0,1277,957,0.9945;	0.483849
717889136	1258	1080	1	vehicle.car,0.974,162,201,951,1017,0.4739;	0.483845
715790123	1278	960	2	vehicle.car,0.941,240,497,681,966,0.1686;person.body,0.898,212,457,347,721,0.0290;	0.483944
718550064	1440	1080	4	vehicle.car,1.000,8,278,841,1184,0.4853;vehicle.car,0.944,712,219,1046,582,0.0780;vehicle.car,0.846,357,264,546,391,0.0154;vehicle.car,0.833,475,256,627,377,0.0118;	0.48397
717734891	1080	763	6	vehicle.car,0.998,137,384,730,772,0.2792;goods.clothes,0.998,8,274,245,532,0.0742;other.text,0.985,205,86,707,192,0.0646;other.text,0.984,76,175,190,224,0.0068;other.text,0.979,36,747,228,873,0.0294;person.body,0.968,4,175,287,660,0.1666;	0.484011
712942354	1125	1500	1	vehicle.car,0.984,76,41,1488,1020,0.8192;	0.48433
714041736	1280	960	2	vehicle.car,0.976,25,245,912,790,0.3934;vehicle.car,0.917,5,702,297,1030,0.0779;	0.484392
716407203	960	960	4	vehicle.car,0.994,96,142,810,759,0.4780;other.text,0.963,26,66,137,840,0.0932;other.text,0.939,11,613,105,840,0.0232;other.logo,0.830,763,47,838,139,0.0075;	0.48448
714001491	1280	960	2	vehicle.car,0.991,12,462,862,1105,0.4448;other.text,0.825,185,47,277,355,0.0231;	0.48502
717685045	1080	810	4	vehicle.car,1.000,46,532,688,983,0.3310;other.sticker,0.997,169,293,354,458,0.0349;other.sticker,0.993,582,365,726,534,0.0278;other.sticker,0.986,365,321,603,485,0.0446;	0.485561
715121794	1728	1296	1	other.other,0.000,0,0,1293,1725,0.9960;	0.485752
721204036	1125	1500	2	vehicle.car,0.983,44,548,1324,1063,0.3906;other.text,0.968,609,853,823,940,0.0110;	0.485785
715560876	1080	1080	2	person.body,0.994,930,639,1029,873,0.0199;vehicle.car,0.985,0,643,1017,915,0.2372;	0.485818
720554207	1164	872	5	person.body,0.997,20,280,130,518,0.0258;other.text,0.997,161,705,493,839,0.0438;vehicle.car,0.970,0,307,828,1116,0.6599;person.body,0.937,687,173,871,771,0.1084;person.body,0.835,489,266,607,446,0.0209;	0.485969
715623105	1278	960	2	other.sticker,1.000,604,1001,939,1276,0.0751;vehicle.car,0.899,82,97,759,1023,0.5110;	0.486054
713010686	1278	960	3	vehicle.car,1.000,12,142,924,996,0.6348;vehicle.car,0.993,534,122,956,509,0.1331;other.logo,0.868,594,646,881,874,0.0533;	0.486073
716994384	1500	1122	4	vehicle.car,0.996,64,735,1090,1497,0.4645;person.body,0.994,454,519,700,820,0.0440;other.text,0.917,486,1266,753,1403,0.0217;vehicle.car,0.902,9,794,275,1061,0.0422;	0.486312
712399679	1280	960	2	vehicle.car,0.997,0,75,855,1195,0.7793;other.logo,0.990,205,782,377,935,0.0214;	0.486724
713683546	1125	1125	3	vehicle.car,0.995,77,145,1035,1116,0.7350;other.text,0.972,769,888,1037,1037,0.0316;other.sticker,0.941,604,562,813,771,0.0345;	0.486762
713534442	1248	940	2	vehicle.car,0.999,37,456,860,999,0.3809;other.text,0.960,200,1104,897,1197,0.0553;	0.486985
716251458	1794	1794	1	vehicle.car,1.000,158,858,1275,1426,0.1971;	0.487131
716251677	1794	1794	1	vehicle.car,1.000,158,858,1275,1426,0.1971;	0.487131
720799765	1125	1125	1	vehicle.car,1.000,112,365,1074,817,0.3436;	0.48736
712162419	1500	1125	2	vehicle.car,1.000,47,595,1122,1450,0.5447;other.text,0.991,322,237,656,349,0.0222;	0.487438
717725030	1500	1125	2	vehicle.car,0.999,88,325,1040,1069,0.4197;other.sticker,0.996,536,589,1096,1037,0.1487;	0.487523
713368823	1124	1124	3	vehicle.car,0.996,0,92,1038,847,0.6203;other.logo,0.899,612,314,749,402,0.0095;other.sticker,0.871,171,419,819,915,0.2544;	0.487569
715661336	1497	1125	2	vehicle.car,0.985,79,737,822,1278,0.2387;person.body,0.925,713,640,898,1123,0.0531;	0.487686
712739898	1410	1056	4	other.sticker,0.964,859,55,1055,308,0.0333;vehicle.car,0.959,61,63,1044,1237,0.7751;other.sticker,0.954,113,168,256,358,0.0182;other.sticker,0.915,675,892,1035,1380,0.1180;	0.48769
718005420	1280	960	2	vehicle.car,0.997,90,247,865,822,0.3627;other.text,0.965,335,715,535,785,0.0114;	0.487842
719703474	1124	1124	1	vehicle.car,1.000,40,231,988,786,0.4165;	0.487857
719979000	1500	1124	2	vehicle.car,0.997,91,328,1122,1225,0.5485;other.text,0.977,164,938,278,1146,0.0141;	0.487891
718830790	1500	1124	4	other.sticker,0.994,126,428,472,999,0.1172;vehicle.car,0.986,135,3,1061,946,0.5179;other.sticker,0.969,120,275,993,940,0.3443;other.sticker,0.958,609,463,1063,882,0.1128;	0.487914
715171594	1500	1124	1	vehicle.car,0.997,91,313,1037,1260,0.5314;	0.488052
716508903	1500	1125	2	vehicle.car,0.999,158,425,946,1128,0.3283;other.sticker,0.996,352,688,832,1087,0.1135;	0.488166
716933039	1278	960	3	other.sticker,0.980,45,544,315,874,0.0726;other.sticker,0.964,384,527,584,796,0.0439;vehicle.car,0.856,0,357,726,906,0.3249;	0.488337
716379471	960	1280	1	other.other,0.000,0,0,1277,957,0.9945;	0.488409
721092860	1620	1215	2	other.logo,0.907,443,421,797,756,0.0602;vehicle.car,0.851,294,272,1212,1250,0.4561;	0.48844
716908636	1124	1124	3	other.sticker,0.998,367,450,749,729,0.0844;vehicle.car,0.978,147,257,896,711,0.2692;vehicle.motorbike,0.854,878,294,1005,441,0.0148;	0.488843
721448945	1500	1125	1	vehicle.car,1.000,108,366,926,949,0.2826;	0.488874
715616811	1500	1125	3	other.sticker,0.977,278,337,475,536,0.0232;vehicle.car,0.971,196,571,1081,1131,0.2937;person.body,0.880,601,478,765,697,0.0213;	0.489314
719379259	1658	1124	3	person.body,0.998,793,725,1007,1545,0.0942;goods.clothes,0.994,755,881,923,1153,0.0245;vehicle.car,0.988,52,810,871,1473,0.2914;	0.489335
715506888	1125	1125	3	vehicle.car,0.998,51,0,791,951,0.5560;other.logo,0.989,494,327,633,499,0.0189;other.text,0.986,653,747,1072,929,0.0603;	0.489389
712243480	480	360	1	vehicle.car,0.997,0,95,312,419,0.5850;	0.489419
711858191	1124	1124	4	other.text,0.994,101,997,1001,1089,0.0655;vehicle.car,0.979,88,255,994,944,0.4941;vehicle.car,0.962,470,235,900,454,0.0745;vehicle.car,0.961,858,263,1117,406,0.0293;	0.489454
717974836	1500	1125	2	vehicle.car,1.000,12,598,999,1324,0.4246;vehicle.car,0.953,677,498,1087,1263,0.1859;	0.489499
719575396	1500	1125	1	vehicle.car,0.998,129,302,1122,1304,0.5896;	0.489546
712413795	717	1278	2	vehicle.car,1.000,72,5,1178,691,0.8280;other.sticker,0.960,926,499,1243,716,0.0751;	0.489555
720565646	1125	1500	1	other.other,0.000,0,0,1497,1122,0.9953;	0.48966
712801779	1124	1124	2	vehicle.car,0.999,0,356,1091,777,0.3636;other.text,0.989,20,944,303,1001,0.0128;	0.489671
716454825	1280	960	2	person.body,0.994,650,645,867,1075,0.0759;vehicle.car,0.971,60,575,785,1070,0.2921;	0.489764
721349558	748	748	2	vehicle.car,0.998,234,215,523,517,0.1560;vehicle.car,0.987,497,219,570,280,0.0080;	0.490007
713066475	960	1280	3	vehicle.car,1.000,0,232,1210,687,0.4480;other.sticker,0.988,450,627,817,957,0.0986;person.body,0.923,992,180,1110,375,0.0187;	0.490028
719363811	1122	1122	3	vehicle.car,0.998,142,272,892,1019,0.4450;vehicle.car,0.869,787,234,912,331,0.0096;other.text,0.859,458,866,675,947,0.0140;	0.490034
719369034	1122	1122	3	person.body,1.000,824,386,969,728,0.0394;vehicle.car,1.000,167,456,903,1004,0.3204;goods.clothes,0.841,824,451,969,596,0.0167;	0.490063
717574196	1500	1125	2	vehicle.car,0.999,164,378,1069,1157,0.4178;other.sticker,0.986,864,797,1075,1119,0.0403;	0.490142
714031876	1500	1125	2	vehicle.car,0.976,67,498,1113,1254,0.4686;other.text,0.899,299,1104,442,1219,0.0097;	0.490153
718131477	1278	960	2	other.sticker,1.000,70,105,537,467,0.1378;vehicle.car,0.999,245,597,694,1008,0.1504;	0.490214
713081928	1280	960	1	vehicle.car,0.999,0,50,925,1062,0.7618;	0.490276
717066300	1280	960	3	vehicle.car,0.998,60,490,765,1060,0.3270;person.body,0.997,707,402,875,797,0.0540;goods.clothes,0.870,737,522,825,752,0.0165;	0.490442
712804497	1124	1124	2	vehicle.car,1.000,22,402,1032,713,0.2486;other.text,0.976,713,909,992,984,0.0166;	0.490467
712272454	1500	1124	2	vehicle.car,0.990,100,486,938,1228,0.3688;person.body,0.960,753,439,1008,961,0.0790;	0.490476
712952665	1500	1124	3	vehicle.car,0.956,0,70,1110,1406,0.8796;other.sticker,0.847,750,1225,1081,1474,0.0489;other.sticker,0.813,12,1104,296,1345,0.0406;	0.490604
716891664	750	998	1	other.other,0.000,0,0,996,747,0.9940;	0.490704
719447451	1500	1124	2	vehicle.car,1.000,0,62,1093,867,0.5219;other.sticker,0.978,135,1151,826,1447,0.1213;	0.490772
719995026	1500	1124	3	vehicle.car,0.998,32,343,1087,1313,0.6070;other.sticker,0.989,135,41,612,466,0.1202;other.logo,0.831,776,645,1058,776,0.0219;	0.490961
716985409	1168	1124	3	person.body,0.998,883,550,1024,1095,0.0585;other.text,0.956,290,611,459,698,0.0112;vehicle.car,0.920,0,160,1061,922,0.6158;	0.491048
714003567	960	960	4	person.body,0.994,506,227,651,465,0.0374;vehicle.car,0.985,180,304,825,771,0.3268;person.body,0.940,291,242,418,482,0.0331;other.text,0.826,146,486,296,579,0.0151;	0.491084
713344644	1441	1080	5	vehicle.car,1.000,8,73,1078,1359,0.8842;vehicle.car,0.987,163,96,414,267,0.0276;vehicle.car,0.986,0,118,267,318,0.0343;other.text,0.981,42,1357,236,1410,0.0066;other.text,0.961,169,884,498,1033,0.0315;	0.491447
714735678	1280	1280	2	vehicle.car,0.999,7,300,1250,995,0.5273;vehicle.car,0.921,557,152,752,317,0.0196;	0.491534
712303902	1441	1080	3	other.sticker,1.000,0,0,276,388,0.0688;other.sticker,0.986,20,1148,388,1438,0.0686;vehicle.car,0.924,0,121,1078,1283,0.8049;	0.491553
719716937	1124	1124	1	vehicle.car,1.000,20,231,979,784,0.4198;	0.491594
714883952	650	640	1	vehicle.car,1.000,37,180,551,603,0.5226;	0.491633
719520719	1500	1125	1	vehicle.car,1.000,0,261,1119,1392,0.7500;	0.49179
717960492	1125	1125	3	vehicle.car,0.999,145,391,1004,778,0.2627;person.body,0.996,272,213,442,523,0.0416;goods.clothes,0.954,301,294,406,406,0.0093;	0.49184
713541286	1248	940	2	vehicle.car,1.000,24,322,926,1102,0.5997;other.text,0.933,51,1090,902,1189,0.0718;	0.491868
713712408	1920	1080	4	vehicle.car,1.000,0,600,1024,1294,0.3427;other.text,0.961,22,0,157,570,0.0371;other.text,0.936,274,1695,847,1882,0.0517;other.text,0.932,829,1447,1012,1564,0.0103;	0.491974
718127633	1124	1500	1	vehicle.car,0.989,105,190,1260,771,0.3980;	0.492004
715207512	1440	1080	1	other.other,0.000,0,0,1077,1437,0.9951;	0.492089
717386094	1125	1125	3	vehicle.car,0.994,22,255,1123,995,0.6437;person.body,0.959,147,327,268,488,0.0154;other.text,0.925,705,180,844,257,0.0085;	0.492148
715120763	582	604	3	vehicle.car,0.999,24,37,564,366,0.5054;vehicle.car,0.994,13,4,85,52,0.0098;other.logo,0.926,300,113,411,255,0.0448;	0.49241
719988251	1125	1500	2	vehicle.car,1.000,231,372,1447,1122,0.5404;other.sticker,0.997,1233,785,1450,1066,0.0361;	0.492602
713499553	852	639	5	person.body,0.986,25,268,113,556,0.0466;other.logo,0.986,135,240,226,305,0.0109;vehicle.car,0.983,161,318,586,606,0.2248;goods.clothes,0.977,35,331,108,438,0.0143;person.body,0.953,473,263,554,453,0.0283;	0.492634
720645339	1124	1124	5	vehicle.car,0.992,661,48,841,182,0.0191;vehicle.car,0.988,121,105,988,957,0.5847;other.text,0.979,454,724,740,806,0.0186;vehicle.car,0.950,863,48,997,169,0.0128;vehicle.car,0.830,154,81,454,209,0.0304;	0.492669
718847394	1124	1124	3	other.text,0.984,26,955,540,1045,0.0366;other.text,0.976,204,685,883,775,0.0484;vehicle.car,0.972,154,22,1047,852,0.5867;	0.492717
714217889	960	1280	2	vehicle.car,1.000,172,140,1157,687,0.4385;vehicle.car,0.963,955,145,1075,227,0.0080;	0.492886
716315233	1296	1296	1	vehicle.car,1.000,0,334,1293,896,0.4326;	0.492894
714077254	1124	1500	1	other.other,0.000,0,0,1497,1122,0.9962;	0.492909
716699817	1500	1124	2	vehicle.car,1.000,161,601,1078,1477,0.4764;vehicle.car,0.856,23,662,255,762,0.0138;	0.492942
718800039	1280	960	1	vehicle.car,0.987,50,307,950,1082,0.5676;	0.492959
717565800	1124	1124	3	vehicle.car,1.000,356,674,1030,981,0.1638;other.text,0.976,59,202,1084,536,0.2710;other.text,0.821,608,321,1045,518,0.0681;	0.493003
717577688	718	1280	1	vehicle.car,0.999,220,20,1055,700,0.6178;	0.493071
717674534	1125	1125	1	vehicle.car,0.999,294,598,1107,1004,0.2608;	0.493112
719948055	1280	1280	1	vehicle.car,0.988,242,617,1142,1130,0.2818;	0.493147
721337378	1440	1080	3	vehicle.car,1.000,166,591,928,1367,0.3802;other.text,0.991,31,62,588,312,0.0895;other.text,0.952,430,1150,709,1246,0.0172;	0.4932
712162241	972	1296	1	other.other,0.000,0,0,1293,969,0.9946;	0.49326
714270441	1125	1125	3	vehicle.car,1.000,114,604,824,1039,0.2440;vehicle.car,0.914,0,609,431,896,0.0977;vehicle.car,0.831,822,600,1094,877,0.0595;	0.493288
713158843	1125	1500	3	vehicle.car,0.999,363,258,1327,1072,0.4650;other.sticker,0.997,3,527,264,970,0.0685;person.body,0.997,349,249,521,645,0.0404;	0.493302
720460120	1280	960	1	other.other,0.000,0,0,957,1277,0.9945;	0.493336
718858771	960	1280	1	other.other,0.000,0,0,1277,957,0.9945;	0.49341
714437649	1500	1125	2	other.text,0.985,349,1228,735,1348,0.0274;vehicle.car,0.943,15,170,1063,1453,0.7968;	0.493501
715226119	1125	1500	1	other.other,0.000,0,0,1497,1122,0.9953;	0.493629
712742240	960	1280	4	vehicle.car,1.000,347,300,1110,907,0.3769;vehicle.car,0.996,50,307,415,492,0.0550;vehicle.car,0.996,1070,357,1242,495,0.0193;person.body,0.955,372,272,505,785,0.0555;	0.493634
715912004	810	810	2	vehicle.car,1.000,30,165,808,744,0.6866;other.other,0.828,392,0,527,111,0.0228;	0.493678
712067475	1125	1125	1	vehicle.car,0.914,57,64,1070,892,0.6627;	0.49371
721313405	1500	1124	3	other.logo,0.948,463,226,776,551,0.0603;other.sticker,0.882,188,108,354,313,0.0202;other.logo,0.829,814,202,1122,606,0.0738;	0.493779
717499923	1998	1125	3	other.text,0.988,152,1487,839,1647,0.0489;vehicle.car,0.988,94,659,1058,1514,0.3667;other.text,0.987,925,269,1069,531,0.0168;	0.493779
719935959	1125	1290	1	vehicle.car,0.970,199,154,1106,955,0.5006;	0.493943
720615875	1456	1080	1	vehicle.car,1.000,26,273,879,725,0.2452;	0.493964
712903552	1500	1124	2	vehicle.car,0.985,135,442,1122,1014,0.3349;other.text,0.980,504,1119,1096,1356,0.0832;	0.493977
713487383	1280	960	2	vehicle.car,0.997,212,417,950,1140,0.4342;other.text,0.985,87,285,827,385,0.0602;	0.493975
720888517	1280	960	1	vehicle.car,1.000,0,430,950,1082,0.5041;	0.494011
716610122	852	640	1	other.other,0.000,0,0,637,850,0.9930;	0.494219
717342534	2001	1125	1	vehicle.car,0.991,141,1200,1110,1974,0.3332;	0.494302
717423368	1002	1002	4	vehicle.car,1.000,147,523,842,996,0.3274;person.body,0.998,710,479,830,990,0.0611;goods.clothes,0.993,706,566,836,769,0.0263;goods.clothes,0.849,708,724,822,920,0.0223;	0.494325
715123234	800	1080	2	vehicle.car,1.000,32,226,886,707,0.4754;vehicle.car,0.934,814,308,1057,454,0.0411;	0.494349
718660867	1416	1125	5	vehicle.car,1.000,329,575,1059,1225,0.2979;furniture.pottedplant,0.954,0,730,257,1286,0.0897;goods.flower,0.942,310,19,719,398,0.0973;person.body,0.899,924,570,1081,979,0.0403;other.sticker,0.833,249,393,525,539,0.0253;	0.494394
717548443	700	700	1	vehicle.car,1.000,41,213,618,496,0.3332;	0.494416
716353311	1920	1078	2	vehicle.car,0.999,37,71,1065,1061,0.4917;other.sticker,0.999,525,1170,1027,1736,0.1373;	0.494472
717718451	960	1280	4	other.sticker,1.000,37,10,397,255,0.0718;vehicle.car,0.977,145,30,1225,957,0.8147;other.sticker,0.923,22,285,172,425,0.0171;other.sticker,0.804,1057,125,1262,337,0.0354;	0.494496
719086609	1124	1124	2	other.sticker,0.976,189,843,555,1056,0.0617;vehicle.car,0.972,121,116,845,775,0.3777;	0.494497
719602359	1124	1124	6	other.sticker,0.999,114,116,479,490,0.1081;person.body,0.997,722,417,981,1014,0.1224;other.text,0.960,318,902,551,997,0.0175;vehicle.car,0.925,220,514,955,1078,0.3281;goods.clothes,0.896,740,540,948,773,0.0384;goods.shoe,0.874,878,944,973,1078,0.0101;	0.494509
712708549	1500	1125	1	vehicle.car,1.000,32,401,1061,1230,0.5055;	0.494517
720620608	1280	960	3	other.text,0.989,42,930,532,1170,0.0957;vehicle.car,0.988,332,527,955,925,0.2018;vehicle.car,0.875,180,562,485,735,0.0429;	0.494555
716685902	1456	1080	3	person.body,0.999,438,449,708,1163,0.1226;vehicle.car,0.978,506,566,1078,1268,0.2554;other.sticker,0.825,296,1081,421,1251,0.0135;	0.494565
721460326	1441	1080	3	other.sticker,0.997,250,0,450,183,0.0235;vehicle.car,0.939,0,101,1078,1129,0.7121;other.logo,0.861,487,647,630,771,0.0114;	0.49463
716431560	1500	1124	1	vehicle.car,0.981,0,15,1081,1242,0.7867;	0.494717
717532160	1500	1125	2	vehicle.car,0.936,0,352,794,1178,0.3886;other.logo,0.811,223,785,381,943,0.0148;	0.494753
718582557	1278	960	2	other.sticker,0.997,552,287,914,579,0.0862;vehicle.car,0.974,0,157,956,978,0.6397;	0.49482
716656486	730	1296	1	other.other,0.000,0,0,1293,726,0.9922;	0.494876
717000615	1124	1124	3	vehicle.car,0.999,79,70,953,786,0.4953;vehicle.car,0.999,86,2,369,167,0.0370;vehicle.car,0.995,314,20,615,156,0.0324;	0.494939
721048092	1600	1200	3	goods.clothes,0.962,450,422,775,694,0.0460;person.body,0.898,356,256,791,984,0.1649;vehicle.car,0.829,44,519,1197,1550,0.6191;	0.495244
712166338	972	1296	2	vehicle.car,1.000,165,190,1096,828,0.4715;vehicle.car,0.995,20,200,208,390,0.0284;	0.495272
712143448	1280	960	2	vehicle.car,0.975,17,92,957,935,0.6449;other.logo,0.846,485,462,600,550,0.0082;	0.49527
716664743	852	640	4	vehicle.car,0.996,17,138,631,664,0.5923;person.body,0.995,378,2,514,285,0.0706;goods.clothes,0.934,499,37,599,251,0.0392;goods.clothes,0.838,378,40,496,195,0.0335;	0.495285
714331647	1500	1125	1	other.other,0.000,0,0,1122,1497,0.9953;	0.495299
719310359	1620	1619	1	vehicle.car,0.908,389,677,1269,1519,0.2825;	0.49532
713692325	1500	1125	1	vehicle.car,0.998,32,270,1081,1477,0.7503;	0.495337
717158119	1125	1125	4	vehicle.car,0.998,18,286,1123,921,0.5544;other.sticker,0.982,609,20,784,196,0.0243;goods.clothes,0.971,758,224,1017,639,0.0849;person.body,0.882,701,62,1020,828,0.1931;	0.495364
717771581	972	1296	1	other.other,0.000,0,0,1293,969,0.9946;	0.495416
719261655	960	960	4	person.body,0.998,397,328,581,757,0.0857;goods.clothes,0.995,407,403,561,592,0.0316;vehicle.car,0.964,101,240,345,397,0.0416;vehicle.car,0.869,174,304,825,696,0.2769;	0.49551
720784203	1500	1124	3	vehicle.car,1.000,12,768,964,1412,0.3636;other.text,0.973,281,1192,486,1304,0.0136;person.body,0.957,841,662,1025,1424,0.0832;	0.495536
712412222	960	1280	1	other.other,0.000,0,0,1277,957,0.9945;	0.4956
712338155	1125	1500	1	vehicle.car,0.999,149,53,1497,1020,0.7725;	0.495617
716140381	1500	1124	5	person.body,0.993,401,592,665,1099,0.0794;goods.clothes,0.992,419,668,606,917,0.0276;other.sticker,0.962,823,363,1037,583,0.0279;vehicle.car,0.959,504,571,1122,1198,0.2298;other.sticker,0.937,797,64,1113,360,0.0555;	0.495795
714219376	1064	800	1	vehicle.car,0.966,75,382,653,788,0.2757;	0.495798
717709932	1500	1124	1	vehicle.car,0.994,41,255,1119,1102,0.5416;	0.495901
716351917	960	1280	2	vehicle.car,0.998,15,5,1262,895,0.9032;other.text,0.983,442,715,832,822,0.0340;	0.495945
720941142	1124	1124	1	vehicle.car,0.960,26,307,687,1122,0.4264;	0.495974
715012209	1174	1124	2	vehicle.car,0.986,147,339,1126,1082,0.5512;vehicle.motorbike,0.861,50,144,610,1172,0.4363;	0.496037
716008253	1125	1500	1	other.other,0.000,0,0,1497,1122,0.9953;	0.496044
713576679	1728	1296	1	other.other,0.000,0,0,1293,1725,0.9960;	0.49605
713908109	1224	1224	5	vehicle.car,0.999,342,650,1121,1181,0.2761;person.body,0.998,124,543,344,1054,0.0750;goods.clothes,0.974,256,650,378,947,0.0242;person.body,0.972,261,614,382,1061,0.0361;goods.clothes,0.959,108,645,263,873,0.0236;	0.496104
714337408	1280	960	1	vehicle.car,0.999,55,432,720,752,0.1732;	0.49613
720850156	1500	1125	2	vehicle.car,1.000,67,275,1104,1389,0.6846;other.logo,0.806,149,325,287,516,0.0156;	0.496132
717066291	960	960	2	other.text,0.993,347,786,617,853,0.0196;vehicle.car,0.922,122,112,864,879,0.6175;	0.496148
715410405	1500	1124	1	other.other,0.000,0,0,1122,1497,0.9962;	0.496185
717711763	972	1296	1	vehicle.car,0.992,190,71,1109,937,0.6318;	0.496217
714079208	1500	1124	6	vehicle.car,0.999,152,586,1014,1438,0.4356;other.text,0.993,492,252,1119,378,0.0469;other.sticker,0.988,911,551,1110,943,0.0463;other.text,0.962,67,378,193,1271,0.0667;other.logo,0.919,463,1037,627,1169,0.0128;other.text,0.846,62,923,211,1178,0.0225;	0.496314
713198257	1280	960	4	other.text,0.967,512,940,630,1075,0.0130;vehicle.car,0.962,87,530,957,1277,0.5289;vehicle.car,0.952,5,512,325,777,0.0690;vehicle.car,0.833,330,425,585,605,0.0374;	0.496325
720236329	1500	1124	3	vehicle.car,0.997,149,284,662,800,0.1570;other.text,0.985,756,709,1107,841,0.0275;other.logo,0.936,858,381,1028,521,0.0141;	0.496339
714351311	1124	1124	2	vehicle.car,0.998,147,417,977,711,0.1931;other.sticker,0.985,422,125,795,347,0.0655;	0.496538
715948007	430	718	3	other.sticker,0.999,1,236,172,431,0.1080;vehicle.car,0.995,90,56,613,397,0.5776;other.sticker,0.979,258,229,439,394,0.0967;	0.496545
719310664	1500	1124	3	other.sticker,0.993,814,750,1063,1195,0.0657;vehicle.car,0.986,0,349,911,1415,0.5760;other.text,0.829,472,1374,1002,1482,0.0340;	0.496566
719638053	1500	1125	1	other.other,0.000,0,0,1122,1497,0.9953;	0.496596
717908759	1280	960	2	vehicle.car,1.000,7,12,887,985,0.6968;other.logo,0.853,387,630,535,747,0.0141;	0.496621
717076563	1125	1125	3	vehicle.car,0.996,26,165,756,793,0.3622;person.body,0.987,659,290,815,694,0.0498;goods.clothes,0.884,683,369,822,560,0.0210;	0.496718
714347900	1125	1125	2	vehicle.car,0.998,297,35,1123,600,0.3687;vehicle.car,0.995,193,48,400,235,0.0306;	0.496788
713189061	960	1280	1	other.other,0.000,0,0,1277,957,0.9945;	0.49675
720940806	1125	1125	3	other.text,0.985,870,648,1013,754,0.0120;vehicle.car,0.876,4,178,1072,1006,0.6987;other.text,0.802,501,545,648,642,0.0113;	0.496835
717066467	960	960	1	vehicle.car,0.999,73,56,941,838,0.7365;	0.496982
713803758	1125	1500	2	vehicle.car,0.997,132,0,1497,1072,0.8671;other.text,0.958,653,832,1017,958,0.0272;	0.496984
712353266	1582	1124	4	vehicle.car,1.000,235,442,1072,1013,0.2688;person.body,1.000,90,414,309,936,0.0643;goods.clothes,0.996,121,476,294,800,0.0315;other.logo,0.884,358,794,572,912,0.0142;	0.496997
714574880	1280	960	1	vehicle.car,0.999,182,360,922,645,0.1716;	0.497007
713491932	1280	960	3	vehicle.car,0.996,215,425,957,1122,0.4209;other.text,0.988,85,292,827,387,0.0574;other.text,0.972,30,1127,282,1252,0.0256;	0.497014
715965318	536	716	1	other.other,0.000,0,0,715,536,0.9986;	0.497078
712785381	1144	644	1	vehicle.car,1.000,2,306,641,635,0.2854;	0.497082
717493413	1920	1080	2	vehicle.car,0.998,116,664,990,1365,0.2955;other.text,0.874,375,431,686,525,0.0141;	0.497134
716081428	1125	1125	4	vehicle.car,1.000,7,521,631,1116,0.2934;other.text,0.996,844,94,1050,466,0.0605;vehicle.car,0.993,740,598,1101,820,0.0633;other.text,0.847,15,912,97,989,0.0050;	0.497194
715550551	1500	1125	1	other.other,0.000,0,0,1122,1497,0.9953;	0.4972
718544834	1125	1500	1	vehicle.car,1.000,94,123,1456,1066,0.7611;	0.497327
719543712	838	1490	2	vehicle.car,1.000,52,93,821,608,0.3172;vehicle.car,0.993,602,49,1435,768,0.4797;	0.497343
713328233	1497	1125	2	vehicle.car,1.000,237,167,953,807,0.2721;other.text,0.887,503,637,690,746,0.0121;	0.49734
719293530	1500	1124	4	other.sticker,0.999,3,1192,334,1474,0.0554;vehicle.car,0.999,12,161,1107,1148,0.6410;other.sticker,0.998,633,1140,961,1447,0.0597;vehicle.car,0.986,891,141,1104,366,0.0284;	0.497352
717476058	717	1278	4	vehicle.car,0.986,963,52,1141,230,0.0346;other.text,0.976,1048,185,1171,716,0.0713;vehicle.car,0.974,237,70,1031,691,0.5381;goods.flower,0.800,322,107,1001,484,0.2794;	0.497364
715425704	1440	1080	2	other.logo,0.989,703,897,849,990,0.0087;vehicle.car,0.986,0,169,1055,1420,0.8486;	0.497379
716896713	1125	1125	1	vehicle.car,1.000,229,314,1077,811,0.3330;	0.497439
714568921	1125	1500	1	other.other,0.000,0,0,1497,1122,0.9953;	0.497443
717846201	1500	1125	1	other.other,0.000,0,0,1122,1497,0.9953;	0.497453
717635604	1280	960	2	vehicle.car,0.998,42,557,780,1040,0.2901;person.body,0.987,595,435,690,617,0.0141;	0.497476
718865027	1125	1125	3	vehicle.car,1.000,0,123,569,784,0.2972;vehicle.car,0.982,527,132,1123,868,0.3466;other.logo,0.892,820,549,940,664,0.0109;	0.497482
719165914	1125	1125	1	vehicle.car,0.978,29,110,1090,1063,0.7989;	0.497501
717000438	1124	1124	2	vehicle.car,0.996,136,250,1100,852,0.4593;other.text,0.980,492,516,703,665,0.0249;	0.497607
713192336	1920	1440	2	vehicle.car,0.987,94,274,1414,1387,0.5314;other.sticker,0.945,424,964,731,1211,0.0274;	0.497611
720791245	960	960	2	vehicle.car,0.998,148,163,741,675,0.3294;other.logo,0.974,386,491,521,602,0.0163;	0.49765
716941299	1280	960	1	other.other,0.000,0,0,957,1277,0.9945;	0.497659
717632068	1280	960	1	other.other,0.000,0,0,957,1277,0.9945;	0.497675
716881777	1125	1500	1	other.other,0.000,0,0,1497,1122,0.9953;	0.497706
715547186	1500	1124	2	other.sticker,1.000,589,867,1002,1222,0.0870;vehicle.car,1.000,287,337,1093,750,0.1974;	0.497769
720996028	1500	1124	3	vehicle.car,0.998,82,126,1081,1204,0.6387;other.sticker,0.989,70,0,381,375,0.0692;vehicle.car,0.914,671,50,850,196,0.0155;	0.497783
717689005	1500	1124	2	other.sticker,1.000,281,967,759,1444,0.1352;vehicle.car,0.992,0,59,1122,1148,0.7247;	0.497816
717097882	1440	1080	2	vehicle.car,0.998,0,278,965,962,0.4244;other.sticker,0.895,689,233,838,397,0.0157;	0.497845
714205552	1500	1125	2	vehicle.car,0.999,79,205,1122,1069,0.5340;other.text,0.979,188,1157,718,1280,0.0386;	0.497866
716414833	1280	960	3	person.body,0.998,177,450,302,840,0.0397;vehicle.car,0.995,382,447,957,915,0.2190;person.body,0.888,280,400,425,837,0.0516;	0.49787
716863665	1023	768	3	vehicle.car,1.000,134,344,711,597,0.1858;other.sticker,1.000,454,675,727,953,0.0966;vehicle.car,0.892,4,336,320,541,0.0825;	0.497886
716134043	1728	1296	3	other.sticker,0.995,243,40,1002,432,0.1329;person.face,0.900,54,840,206,948,0.0073;other.sticker,0.863,0,381,452,712,0.0668;	0.497887
711825266	1280	960	4	vehicle.car,0.964,50,292,915,1087,0.5596;vehicle.car,0.938,60,315,332,525,0.0465;other.text,0.915,52,35,807,155,0.0737;other.logo,0.889,447,810,557,930,0.0107;	0.497917
718462711	1280	960	2	vehicle.car,0.930,22,447,915,1227,0.5668;goods.flower,0.889,182,610,690,887,0.1145;	0.497919
720912896	1124	1124	1	vehicle.car,1.000,250,380,1041,803,0.2648;	0.49792
716608916	1124	1124	1	vehicle.car,1.000,0,46,1078,808,0.6502;	0.497937
717861331	1500	1122	4	vehicle.car,1.000,62,111,961,891,0.4166;other.sticker,0.999,773,1028,1104,1359,0.0651;other.sticker,0.984,229,1122,483,1371,0.0376;other.text,0.870,70,876,425,1213,0.0711;	0.497986
717572664	1280	960	2	vehicle.car,0.999,70,227,872,1047,0.5352;other.text,0.919,302,832,717,930,0.0331;	0.498021
715219469	1500	1125	2	vehicle.car,0.982,161,483,876,1213,0.3093;other.text,0.962,56,161,773,296,0.0574;	0.498125
721170419	960	1280	1	other.other,0.000,0,0,1277,957,0.9945;	0.498161
713291250	1125	1125	2	vehicle.car,0.997,264,437,826,800,0.1612;other.text,0.863,793,896,956,969,0.0094;	0.498165
716453395	1280	960	2	vehicle.car,0.998,10,675,735,1200,0.3098;person.body,0.966,650,715,810,1070,0.0462;	0.498187
718059374	721	905	1	vehicle.car,0.999,19,42,891,663,0.8299;	0.498202
714820672	640	640	1	vehicle.car,0.999,82,120,539,515,0.4407;	0.498205
712939401	1125	1500	2	vehicle.car,1.000,47,9,1494,1119,0.9518;other.other,0.873,457,437,911,650,0.0573;	0.498282
714518820	1500	1124	2	vehicle.car,0.999,170,0,1122,756,0.4269;other.sticker,0.994,0,533,275,958,0.0693;	0.498287
716814303	756	756	1	vehicle.car,1.000,143,157,595,628,0.3725;	0.498287
713555450	1278	960	2	other.sticker,1.000,82,544,784,1098,0.3170;vehicle.car,0.866,27,307,926,941,0.4646;	0.498289
712317290	960	960	1	vehicle.car,0.989,69,124,958,801,0.6531;	0.498291
719687180	888	888	2	vehicle.car,0.995,127,90,886,796,0.6795;other.logo,0.905,298,515,387,576,0.0069;	0.498291
720573443	960	1280	1	vehicle.car,1.000,0,120,1277,720,0.6235;	0.498315
720709464	1500	1125	1	vehicle.car,0.994,220,879,894,1447,0.2269;	0.498315
714110966	1125	1125	3	goods.clothes,0.989,272,354,541,639,0.0606;person.body,0.967,196,266,477,1077,0.1801;vehicle.car,0.835,378,448,1072,987,0.2956;	0.498323
719119978	1125	1500	2	vehicle.car,0.980,0,0,1406,1087,0.9057;other.text,0.937,565,961,970,1099,0.0331;	0.498356
715947455	1704	1280	3	vehicle.car,0.999,210,626,962,1238,0.2110;person.body,0.999,835,569,1082,1285,0.0811;goods.clothes,0.987,879,736,1058,1095,0.0295;	0.498371
720443919	1136	640	3	vehicle.car,1.000,22,362,599,655,0.2325;other.sticker,0.995,191,792,333,992,0.0391;other.sticker,0.992,375,801,552,959,0.0385;	0.498387
714688800	1124	1124	1	vehicle.car,0.999,327,518,1003,992,0.2536;	0.49835
718017201	1278	960	1	other.other,0.000,0,0,956,1276,0.9943;	0.498471
713911393	1500	1124	1	vehicle.car,1.000,3,396,999,1087,0.4082;	0.498501
714035315	1125	1125	1	vehicle.car,1.000,73,62,1059,1035,0.7580;	0.498504
714580308	608	1080	1	vehicle.car,0.999,8,124,1078,591,0.7610;	0.498509
714342979	1500	1500	5	vehicle.car,0.999,302,662,1198,1239,0.2298;person.body,0.995,205,668,378,1184,0.0397;goods.clothes,0.959,176,732,381,1020,0.0262;other.text,0.937,32,308,173,439,0.0082;vehicle.car,0.889,958,677,1192,858,0.0188;	0.498513
711857964	1124	1124	3	other.sticker,0.989,742,189,1109,564,0.1089;vehicle.car,0.982,88,294,981,1016,0.5103;vehicle.car,0.964,0,246,386,404,0.0483;	0.498536
718772187	1632	918	1	vehicle.car,0.804,0,341,892,1214,0.5198;	0.498547
715735351	960	720	1	vehicle.car,1.000,2,242,679,774,0.5211;	0.498561
711870225	432	720	1	vehicle.car,0.999,131,38,579,398,0.5185;	0.498572
711824276	720	1280	1	other.other,0.000,0,0,1277,717,0.9935;	0.498574
719502421	1125	1125	3	vehicle.car,0.999,0,336,626,1013,0.3349;vehicle.car,0.973,710,363,842,433,0.0073;vehicle.car,0.966,850,336,984,411,0.0079;	0.498582
721399009	1500	1125	1	other.other,0.000,0,0,1122,1497,0.9953;	0.498596
715205082	1500	1124	3	vehicle.car,0.996,53,548,1028,1374,0.4777;person.body,0.887,9,598,100,1037,0.0237;vehicle.car,0.887,914,674,1093,885,0.0224;	0.498608
720944286	1542	1542	3	person.body,0.955,271,410,482,1042,0.0561;vehicle.car,0.865,346,470,1388,1307,0.3668;goods.clothes,0.806,253,476,464,816,0.0302;	0.498611
721151435	1124	1124	3	vehicle.car,0.999,37,57,926,876,0.5763;vehicle.car,0.990,872,9,1122,200,0.0378;vehicle.car,0.973,233,0,746,171,0.0694;	0.498615
720655125	854	641	3	person.body,0.991,118,367,250,711,0.0830;vehicle.car,0.893,23,312,639,734,0.4749;goods.clothes,0.830,150,402,280,597,0.0463;	0.498617
719486562	1436	1434	1	vehicle.car,0.950,275,393,1240,1327,0.4377;	0.498621
717595613	1500	1125	1	vehicle.car,0.802,0,0,1122,1497,0.9953;	0.498643
718783838	1436	1080	1	vehicle.car,0.970,25,297,799,1394,0.5475;	0.498652
714220717	950	700	4	vehicle.car,0.999,11,158,473,651,0.3425;other.sticker,0.998,45,453,416,687,0.1305;other.sticker,0.998,451,395,692,599,0.0739;other.sticker,0.990,429,126,685,456,0.1270;	0.498655
715198362	640	853	1	other.other,0.000,0,0,851,638,0.9945;	0.498669
715318587	640	853	1	vehicle.car,0.999,118,3,745,536,0.6122;	0.498669
718171742	1440	1080	2	vehicle.car,0.999,42,405,993,1015,0.3730;person.body,0.824,25,292,163,560,0.0238;	0.498669
714585311	1500	1122	3	vehicle.car,1.000,480,495,1099,1034,0.1982;vehicle.car,0.981,32,539,457,785,0.0621;other.logo,0.887,545,322,812,519,0.0313;	0.498749
718314070	1076	1076	3	vehicle.car,0.969,143,223,948,847,0.4339;other.text,0.962,757,960,902,1030,0.0088;other.logo,0.915,637,448,796,557,0.0150;	0.498775
720895522	1500	1124	1	other.other,0.000,0,0,1122,1497,0.9962;	0.498775
716861198	1122	1122	1	vehicle.car,0.995,388,88,1102,1047,0.5439;	0.498779
721093147	1620	1215	1	vehicle.car,0.988,3,392,1174,1066,0.4010;	0.498791
720676513	1125	1500	1	other.other,0.000,0,0,1497,1122,0.9953;	0.49881
713020154	828	908	4	vehicle.car,1.000,89,176,690,670,0.3949;other.sticker,0.998,5,7,174,135,0.0288;other.sticker,0.974,0,628,149,828,0.0396;person.body,0.962,601,161,715,477,0.0479;	0.498819
712088327	852	639	1	vehicle.car,1.000,5,226,561,582,0.3636;	0.498832
713069750	1500	1124	2	vehicle.car,0.999,264,621,935,1175,0.2205;vehicle.car,0.985,0,627,445,1119,0.1299;	0.498843
713339385	1500	1125	2	vehicle.car,0.999,9,208,1122,1371,0.7671;other.text,0.964,325,1151,712,1304,0.0351;	0.498855
712971013	1125	1125	2	vehicle.car,1.000,15,64,1092,1050,0.8390;other.text,0.995,391,857,708,958,0.0253;	0.498865
715303723	1440	1080	2	vehicle.car,1.000,39,337,591,785,0.1590;vehicle.car,1.000,616,290,990,520,0.0553;	0.498881
718110130	1278	960	3	goods.shoe,0.953,87,467,225,599,0.0148;vehicle.car,0.848,105,62,941,769,0.4818;other.other,0.833,612,819,776,1008,0.0253;	0.498881
718789000	1728	1296	2	vehicle.car,0.998,209,496,877,1077,0.1733;other.logo,0.866,547,749,786,921,0.0184;	0.49891
715186861	1280	960	1	vehicle.car,0.998,187,370,795,872,0.2484;	0.498933
713655630	1728	1296	1	other.other,0.000,0,0,1293,1725,0.9960;	0.498951
721293755	1080	1080	1	vehicle.car,0.999,0,306,1017,768,0.4028;	0.498957
711859817	2160	1620	2	vehicle.car,0.994,72,477,1253,1688,0.4087;person.body,0.991,1139,848,1422,1455,0.0491;	0.498958
718315820	1076	1076	2	vehicle.car,0.971,221,118,927,841,0.4409;other.text,0.963,748,963,925,1047,0.0128;	0.49896
715063162	960	1280	1	vehicle.car,0.990,0,142,1232,865,0.7249;	0.498961
719844041	1126	1500	2	vehicle.car,0.999,905,349,1488,914,0.1950;vehicle.car,0.986,0,425,592,891,0.1633;	0.498966
714341104	1500	1500	1	vehicle.car,1.000,6,636,1494,1151,0.3406;	0.498972
715369186	1497	1124	1	other.other,0.000,0,0,1120,1494,0.9944;	0.498997
714767905	1728	1296	1	vehicle.car,0.973,125,381,1249,1421,0.5220;	0.499007
720779644	1124	1500	3	vehicle.car,1.000,0,21,1354,1122,0.8842;other.sticker,0.991,18,47,290,396,0.0563;other.sticker,0.983,185,747,1348,1110,0.2504;	0.499021
716905857	1080	1080	1	vehicle.car,0.999,99,167,1008,780,0.4777;	0.499028
718665676	1122	1122	1	vehicle.car,0.869,414,423,949,802,0.1611;	0.499032
712656731	1080	1080	1	vehicle.car,1.000,72,506,1008,1078,0.4590;	0.499042
715138357	999	999	6	goods.clothes,0.996,771,537,983,816,0.0593;person.body,0.983,759,219,985,942,0.1637;vehicle.car,0.981,20,242,673,915,0.4403;goods.clothes,0.978,638,328,821,595,0.0490;goods.shoe,0.975,798,790,929,942,0.0200;goods.clothes,0.959,818,275,974,578,0.0474;	0.499076
713742533	1125	1125	1	vehicle.car,1.000,53,240,1057,1123,0.7005;	0.499088
714506388	1514	1124	2	person.body,0.989,302,594,455,1115,0.0468;vehicle.car,0.976,378,636,1053,1274,0.2531;	0.499101
714450196	1040	780	3	vehicle.car,1.000,49,292,672,904,0.4700;other.text,0.979,408,175,609,256,0.0201;vehicle.car,0.923,630,274,770,376,0.0176;	0.499101
718157850	960	960	2	other.text,0.983,141,561,349,658,0.0219;vehicle.car,0.974,114,86,834,791,0.5508;	0.499105
713547703	1500	1124	4	vehicle.car,1.000,170,416,1028,1148,0.3725;other.sticker,1.000,0,18,586,396,0.1314;other.sticker,0.999,425,1052,814,1433,0.0879;other.logo,0.925,530,768,735,911,0.0174;	0.499112
716070961	1280	960	1	other.logo,0.892,705,450,812,582,0.0115;	0.499113
719012083	1500	1124	4	vehicle.car,0.991,674,627,879,776,0.0181;vehicle.car,0.986,0,615,325,829,0.0413;vehicle.car,0.965,439,618,653,823,0.0260;vehicle.car,0.920,0,891,1116,1497,0.4011;	0.499128
720122169	1728	1296	4	vehicle.car,0.999,98,564,1033,1255,0.2885;other.sticker,0.991,918,94,1242,348,0.0367;other.text,0.983,51,1340,523,1576,0.0497;other.sticker,0.972,13,0,537,520,0.1217;	0.499132
714077099	1500	1124	1	other.other,0.000,0,0,1122,1497,0.9962;	0.499132
714077264	1500	1124	2	other.sticker,0.999,697,744,1055,1128,0.0815;vehicle.car,0.932,0,202,1063,1104,0.5687;	0.499132
714997788	1125	1125	1	vehicle.car,0.918,20,283,1123,896,0.5342;	0.499148
717015881	1125	1125	2	vehicle.car,0.988,66,141,1123,1028,0.7408;other.text,0.833,864,657,1033,782,0.0167;	0.499156
713224678	1125	1125	3	other.sticker,0.998,229,791,740,1123,0.1340;vehicle.car,0.944,103,81,1123,1123,0.8398;other.text,0.862,163,66,294,189,0.0127;	0.49916
713843397	960	960	3	person.body,1.000,502,174,722,832,0.1571;goods.clothes,0.999,538,302,703,568,0.0476;vehicle.car,0.972,9,277,737,804,0.4163;	0.499166
715902951	1280	1280	1	vehicle.car,0.998,30,232,1102,985,0.4927;	0.499169
712064704	1278	960	2	other.sticker,1.000,180,804,646,1263,0.1743;vehicle.car,1.000,155,257,899,924,0.4045;	0.499174
711876910	1500	1125	1	vehicle.car,1.000,0,199,976,938,0.4274;	0.499177
717913752	1500	1500	5	vehicle.car,0.999,668,630,1450,1090,0.1599;person.body,0.992,469,642,595,990,0.0195;person.body,0.989,164,683,337,920,0.0182;person.body,0.986,372,639,486,984,0.0175;person.body,0.911,281,659,401,914,0.0136;	0.499184
719269757	1500	1125	1	other.other,0.000,0,0,1122,1497,0.9953;	0.499202
717179284	1280	960	2	vehicle.car,1.000,355,477,930,870,0.1839;vehicle.car,0.996,242,497,437,692,0.0309;	0.499204
712724979	1500	1125	1	vehicle.car,1.000,0,0,1102,521,0.3402;	0.499219
714433852	1125	1125	3	vehicle.car,0.950,156,584,787,1123,0.2687;vehicle.car,0.866,196,365,628,514,0.0509;animal.dog,0.850,437,492,611,659,0.0230;	0.499221
718644531	1280	960	1	vehicle.car,0.993,0,312,957,1055,0.5787;	0.499223
718645128	1280	960	1	other.other,0.000,0,0,957,1277,0.9945;	0.499223
719292878	1500	1124	3	vehicle.car,0.994,62,369,1122,1271,0.5671;other.sticker,0.990,44,1222,243,1430,0.0246;vehicle.car,0.899,202,372,1025,633,0.1274;	0.499238
718594779	1500	1124	3	vehicle.car,1.000,0,694,1025,1277,0.3544;other.sticker,0.998,712,149,1102,624,0.1099;other.sticker,0.991,0,1107,1122,1497,0.2595;	0.499246
720197770	1125	1125	2	vehicle.car,1.000,13,299,1035,881,0.4700;person.body,0.956,338,242,435,457,0.0165;	0.499262
714532805	1125	1125	3	person.body,0.987,417,229,727,842,0.1501;goods.clothes,0.978,483,305,688,512,0.0335;vehicle.car,0.818,503,389,1123,853,0.2273;	0.499272
715091180	1124	1124	2	vehicle.car,0.995,108,351,1122,889,0.4318;vehicle.motorbike,0.994,880,299,1087,408,0.0179;	0.499276
711761578	1500	1125	3	vehicle.car,1.000,21,313,1031,729,0.2490;other.sticker,0.998,817,108,1040,393,0.0377;other.text,0.994,0,911,1090,1403,0.3178;	0.499283
721091524	972	1296	2	other.sticker,0.999,210,577,575,926,0.1011;vehicle.car,0.997,306,106,1245,721,0.4584;	0.499283
719165806	1500	1125	2	vehicle.car,1.000,82,82,1046,712,0.3599;vehicle.car,0.847,879,21,1075,281,0.0302;	0.499284
713285750	1500	1125	2	person.body,0.990,393,779,586,1327,0.0627;vehicle.car,0.973,381,823,1122,1330,0.2226;	0.49928
714676283	1836	1836	2	vehicle.car,0.997,430,620,1370,1345,0.2022;vehicle.car,0.980,172,699,541,936,0.0259;	0.499288
713175474	1501	1125	6	person.body,0.998,557,683,759,1275,0.0708;vehicle.car,0.984,12,718,707,1220,0.2066;other.text,0.975,844,1331,1088,1463,0.0191;goods.clothes,0.946,569,736,777,988,0.0310;goods.clothes,0.927,557,897,727,1258,0.0363;vehicle.car,0.904,487,701,1123,1196,0.1864;	0.499312
718751200	1500	1124	3	other.text,0.998,188,53,943,369,0.1415;other.text,0.960,308,1034,586,1166,0.0218;vehicle.car,0.843,91,416,1122,1330,0.5589;	0.499314
716230824	1280	960	1	other.other,0.000,0,0,957,1277,0.9945;	0.499325
713197231	1500	1125	1	vehicle.car,0.999,190,510,920,1093,0.2522;	0.499336
715682621	1124	1124	2	vehicle.car,1.000,61,318,854,893,0.3609;other.text,0.988,738,206,1054,362,0.0390;	0.499337
721156173	1500	1125	2	person.body,0.994,428,363,615,952,0.0653;vehicle.car,0.989,0,407,501,967,0.1663;	0.499352
721156277	1500	1125	2	person.body,0.994,428,363,615,952,0.0653;vehicle.car,0.989,0,407,501,967,0.1663;	0.499352
717581003	2000	1124	1	vehicle.car,1.000,0,547,1117,1484,0.4656;	0.499352
717883905	2000	1124	1	vehicle.car,1.000,0,547,1117,1484,0.4656;	0.499352
716992542	1500	840	1	vehicle.car,0.898,44,439,653,908,0.2267;	0.499358
713256123	1280	960	1	vehicle.car,0.998,0,242,927,1235,0.7491;	0.499363
715694193	960	960	1	vehicle.car,0.997,174,88,797,836,0.5056;	0.499389
715694214	960	960	1	vehicle.car,0.997,174,88,797,836,0.5056;	0.499389
716535794	1440	1080	1	other.other,0.000,0,0,1077,1437,0.9951;	0.499394
715990527	1440	1080	1	other.other,0.000,0,0,1077,1437,0.9951;	0.499395
714094250	1280	960	2	vehicle.car,0.999,2,35,957,972,0.7282;other.sticker,0.991,320,542,745,862,0.1107;	0.499435
718837087	960	960	2	other.text,0.979,516,639,741,737,0.0239;vehicle.car,0.969,96,69,801,784,0.5470;	0.499439
713085524	1500	1124	7	other.sticker,0.998,9,9,352,384,0.0763;other.sticker,0.994,785,1184,1084,1456,0.0482;other.sticker,0.994,64,817,272,1020,0.0250;other.sticker,0.988,47,1228,422,1459,0.0514;vehicle.car,0.980,21,401,1020,785,0.2275;furniture.chair,0.977,920,574,1099,894,0.0340;other.sticker,0.836,735,387,976,604,0.0310;	0.499451
715148541	1124	1124	2	vehicle.car,1.000,246,296,845,856,0.2655;other.sticker,0.983,40,760,450,1023,0.0854;	0.499453
716015674	1440	1080	2	vehicle.car,0.999,31,349,998,1117,0.4775;other.text,0.996,20,1105,1018,1330,0.1444;	0.499453
718822472	1440	1080	2	vehicle.car,0.995,56,329,838,928,0.3012;goods.flower,0.840,70,194,202,315,0.0103;	0.499459
720434514	1280	960	1	vehicle.car,0.999,87,297,825,1052,0.4534;	0.499455
720436402	1280	960	1	vehicle.car,0.999,87,297,825,1052,0.4534;	0.499455
720715064	1728	1728	2	vehicle.car,0.999,223,395,1444,1374,0.4003;goods.flower,0.838,624,1205,834,1397,0.0135;	0.499464
714978128	1124	1124	3	vehicle.car,0.957,913,193,1102,378,0.0277;vehicle.car,0.948,217,257,1034,779,0.3376;person.body,0.819,1012,162,1111,551,0.0305;	0.499475
712880467	1278	960	1	other.other,0.000,0,0,956,1276,0.9943;	0.499482
718128498	1500	1126	1	vehicle.car,0.999,0,375,882,1011,0.3321;	0.499495
718128979	1500	1126	1	vehicle.car,0.999,0,375,882,1011,0.3321;	0.499495
717945047	1440	1080	1	vehicle.car,0.999,132,340,965,1007,0.3573;	0.499505
718965384	810	1080	3	vehicle.car,1.000,542,133,1078,563,0.2635;vehicle.car,0.999,17,129,491,555,0.2308;other.sticker,0.998,411,515,633,764,0.0632;	0.499507
713647140	812	1084	2	vehicle.car,0.997,13,11,1082,811,0.9716;other.text,0.834,440,227,644,366,0.0322;	0.49951
715701164	1405	1124	1	vehicle.car,0.931,49,239,1048,1232,0.6282;	0.49952
714007320	1278	948	2	vehicle.car,1.000,312,205,856,736,0.2384;vehicle.car,0.935,761,237,914,402,0.0208;	0.499528
712733378	1156	868	1	vehicle.car,0.990,0,9,777,779,0.5963;	0.499525
712733499	1156	868	1	vehicle.car,0.990,0,9,777,779,0.5963;	0.499525
718003824	1500	1125	2	other.text,0.984,448,1066,674,1160,0.0126;vehicle.car,0.823,0,62,1122,1242,0.7846;	0.499538
712390978	1280	960	1	vehicle.car,0.998,2,142,852,967,0.5707;	0.499543
713297347	540	720	1	other.other,0.000,0,0,719,539,0.9968;	0.499551
714077502	1280	960	2	vehicle.car,0.995,35,452,922,1220,0.5544;other.text,0.950,395,1070,640,1167,0.0193;	0.499551
715419371	1500	1124	3	person.body,0.998,662,618,888,1222,0.0810;vehicle.car,0.983,0,636,601,1330,0.2474;goods.clothes,0.961,683,691,835,952,0.0235;	0.499551
720896703	1656	1242	5	vehicle.car,0.996,0,530,886,1569,0.4476;other.text,0.986,236,139,521,265,0.0175;other.text,0.979,375,1281,637,1400,0.0152;other.text,0.975,977,1478,1184,1627,0.0150;other.sticker,0.956,692,488,909,725,0.0250;	0.499565
714878182	1500	1125	1	vehicle.car,1.000,41,580,1099,1239,0.4132;	0.499565
712161736	1280	960	2	vehicle.car,0.978,0,402,835,1002,0.4077;other.text,0.965,297,1015,620,1125,0.0289;	0.499573
712144909	1500	1125	1	other.other,0.000,0,0,1122,1497,0.9953;	0.499579
719303945	1920	1440	2	vehicle.car,0.999,52,442,1346,1631,0.5565;furniture.pottedplant,0.967,135,401,360,780,0.0308;	0.499586
713485844	1280	960	1	other.other,0.000,0,0,957,1277,0.9945;	0.499594
720866011	1500	1125	4	vehicle.car,0.999,6,135,1008,923,0.4679;other.sticker,0.995,604,586,1078,1096,0.1433;other.text,0.914,352,823,598,920,0.0141;vehicle.motorbike,0.845,961,255,1104,489,0.0198;	0.499598
717713836	1500	1124	3	vehicle.car,1.000,82,149,847,861,0.3231;other.sticker,0.960,451,483,996,870,0.1251;other.text,0.949,73,946,621,1110,0.0533;	0.499601
711818842	852	640	2	person.body,0.996,419,478,566,824,0.0933;vehicle.car,0.931,45,155,569,782,0.6025;	0.499605
711820010	852	640	2	person.body,0.996,419,478,566,824,0.0933;vehicle.car,0.931,45,155,569,782,0.6025;	0.499605
713024972	1500	1125	1	other.other,0.000,0,0,1122,1497,0.9953;	0.499611
711542861	1332	750	2	vehicle.car,0.952,0,429,713,869,0.3140;other.text,0.936,304,705,453,793,0.0131;	0.499621
717000189	1124	1124	2	vehicle.car,0.998,790,68,988,206,0.0216;vehicle.car,0.951,116,213,1058,1025,0.6054;	0.499623
714055984	1500	1124	1	other.other,0.000,0,0,1122,1497,0.9962;	0.499638
716606704	1728	1296	2	vehicle.car,0.999,40,618,1070,1063,0.2047;other.text,0.987,37,182,513,341,0.0338;	0.499648
715005764	1500	1124	2	other.logo,0.933,486,516,712,768,0.0338;other.logo,0.892,864,513,1093,759,0.0334;	0.499652
715738764	1500	1125	4	vehicle.car,0.999,152,598,861,1248,0.2731;other.sticker,0.999,41,50,275,407,0.0495;other.sticker,0.998,747,1020,1093,1430,0.0841;other.sticker,0.882,724,410,888,609,0.0193;	0.499654
718410385	1122	1122	1	vehicle.car,0.992,230,592,1045,1021,0.2777;	0.499657
716842695	1500	1124	5	other.sticker,0.999,0,1160,325,1465,0.0588;other.sticker,0.994,694,1102,1022,1412,0.0603;other.text,0.990,621,152,1096,378,0.0637;other.text,0.986,387,1002,636,1163,0.0238;vehicle.car,0.934,35,293,1061,1207,0.5562;	0.499671
715824990	1500	1125	1	vehicle.car,1.000,21,270,1022,1497,0.7278;	0.49967
719098783	1500	1124	1	other.other,0.000,0,0,1122,1497,0.9962;	0.499675
718177255	1296	1296	3	vehicle.car,0.998,906,775,1281,919,0.0322;vehicle.car,0.998,144,764,1185,1250,0.3012;goods.puppet,0.819,352,1000,466,1220,0.0149;	0.49968
720602813	1280	960	1	other.other,0.000,0,0,957,1277,0.9945;	0.499692
714963701	1280	960	1	vehicle.car,1.000,60,290,897,870,0.3951;	0.499692
719639871	1500	1124	2	vehicle.car,0.978,79,278,1104,1093,0.4955;other.text,0.916,50,249,639,369,0.0419;	0.499696
716717321	1125	1125	1	vehicle.car,1.000,29,92,1079,714,0.5160;	0.499696
716507136	1728	1296	1	vehicle.car,0.997,10,688,1154,1411,0.3693;	0.499704
713640652	1124	1124	3	vehicle.car,0.998,220,312,937,1071,0.4308;other.sticker,0.996,15,749,345,1076,0.0854;other.text,0.928,281,885,503,999,0.0200;	0.499706
715455309	1280	960	2	vehicle.car,0.991,0,625,410,960,0.1118;vehicle.car,0.988,557,530,957,1115,0.1904;	0.499708
716336090	960	720	2	vehicle.car,0.992,26,396,427,746,0.2031;other.text,0.970,384,596,688,769,0.0761;	0.499708
718148673	1500	1125	1	other.other,0.000,0,0,1122,1497,0.9953;	0.499709
711825407	1712	960	1	vehicle.car,0.812,3,284,930,1200,0.5167;	0.499719
715222729	972	1296	1	other.other,0.000,0,0,1293,969,0.9946;	0.499721
719063812	1500	1124	2	vehicle.car,0.962,0,735,759,1313,0.2602;person.body,0.861,583,495,896,1497,0.1860;	0.499731
712221727	1280	960	3	other.text,0.983,37,130,315,285,0.0351;other.text,0.982,30,1185,207,1257,0.0104;vehicle.car,0.978,0,327,957,1225,0.6994;	0.499742
714498223	1500	1124	3	vehicle.car,1.000,393,460,1058,1058,0.2359;person.body,0.990,64,401,255,896,0.0561;person.body,0.980,240,442,425,806,0.0399;	0.499746
711932528	1278	960	1	other.other,0.000,0,0,956,1276,0.9943;	0.499746
712162916	1280	960	3	other.text,0.984,5,930,107,1047,0.0097;vehicle.car,0.983,0,325,957,1235,0.7087;other.text,0.981,37,127,312,285,0.0354;	0.499746
720691120	1125	1500	1	other.other,0.000,0,0,1497,1122,0.9953;	0.499749
712093100	1500	1125	3	vehicle.car,0.997,23,185,1122,999,0.5301;other.logo,0.944,592,630,776,776,0.0159;other.text,0.935,475,803,750,949,0.0238;	0.49975
714413598	1124	1124	1	vehicle.car,1.000,235,654,975,915,0.1529;	0.499745
713207711	1124	1124	3	other.sticker,0.999,907,209,1078,391,0.0246;vehicle.car,0.999,83,213,1047,1065,0.6501;other.text,0.946,512,733,703,819,0.0130;	0.49975
716288265	1500	1125	1	vehicle.car,0.987,0,64,1069,829,0.4846;	0.499764
715659280	1728	1728	1	vehicle.car,1.000,253,206,1323,682,0.1706;	0.499767
720427293	960	1278	4	other.sticker,1.000,951,482,1238,951,0.1097;other.sticker,0.999,50,0,399,379,0.1078;vehicle.car,0.996,0,122,1258,881,0.7783;other.text,0.985,40,834,442,929,0.0311;	0.499767
716962066	1500	1124	1	vehicle.car,0.995,0,149,1122,1140,0.6595;	0.499769
712222176	1280	960	3	vehicle.car,0.977,0,397,947,1182,0.6050;other.text,0.972,20,1197,217,1255,0.0093;other.sticker,0.960,690,410,865,622,0.0302;	0.499771
713966207	2080	1168	1	vehicle.car,0.998,167,707,1117,1146,0.1717;	0.499773
713416288	1125	1125	4	vehicle.car,0.996,171,369,1121,925,0.4173;other.text,0.984,156,947,960,1035,0.0559;other.sticker,0.909,683,94,1103,406,0.1035;other.text,0.824,842,756,1022,844,0.0125;	0.499775
717979672	1500	1124	1	vehicle.car,0.999,47,539,1037,1043,0.2959;	0.499792
717980036	1500	1124	1	vehicle.car,0.999,47,539,1037,1043,0.2959;	0.499792
713157673	1500	1124	2	goods.puppet,0.997,41,551,498,1204,0.1770;vehicle.car,0.950,460,451,1122,1084,0.2485;	0.499797
720618827	1280	960	2	vehicle.car,1.000,182,315,805,872,0.2824;person.body,0.845,187,245,340,567,0.0401;	0.499798
716507833	1124	1124	1	vehicle.car,0.965,26,200,1078,836,0.5296;	0.499798
713274801	1500	1125	1	vehicle.car,0.997,94,319,1096,1022,0.4174;	0.4998
717869283	1500	1124	4	other.text,0.995,337,917,800,1143,0.0621;other.sticker,0.957,15,349,595,738,0.1338;vehicle.car,0.862,0,41,1122,683,0.4272;other.text,0.832,161,554,1011,768,0.1079;	0.499804
711855782	1500	1124	1	vehicle.car,1.000,0,0,1122,776,0.5164;	0.499807
715896597	1280	1280	1	vehicle.car,0.988,0,227,1092,985,0.5052;	0.499808
712199375	1280	960	2	vehicle.car,1.000,32,277,825,697,0.2710;other.sticker,0.944,610,517,790,702,0.0271;	0.499809
718773680	1280	960	1	vehicle.car,0.999,0,257,802,912,0.4275;	0.49981
712643295	1280	960	2	vehicle.car,0.980,130,365,890,782,0.2579;vehicle.car,0.827,0,522,112,620,0.0089;	0.499817
715273958	1280	960	2	vehicle.car,0.999,237,182,842,612,0.2117;vehicle.car,0.998,787,142,920,250,0.0117;	0.499818
714000378	1124	1124	2	vehicle.car,1.000,512,571,1122,885,0.1516;vehicle.car,0.991,200,610,562,764,0.0441;	0.499821
716829016	1600	1200	3	vehicle.car,0.998,16,163,1131,1288,0.6533;other.text,0.980,244,1234,969,1494,0.0982;other.sticker,0.954,381,797,763,1234,0.0869;	0.499825
716526699	1278	960	4	vehicle.car,0.999,95,429,896,1276,0.5530;other.text,0.862,367,1146,627,1243,0.0206;other.logo,0.847,122,45,247,190,0.0148;goods.puppet,0.809,417,322,604,504,0.0277;	0.499827
720571149	1500	1125	1	vehicle.car,1.000,0,316,1025,794,0.2903;	0.499827
719352980	1500	1125	1	vehicle.car,0.925,62,237,1102,964,0.4480;	0.499833
715257917	1280	960	2	other.sticker,0.995,45,810,275,1130,0.0599;vehicle.car,0.913,112,262,940,867,0.4077;	0.499835
715963579	1280	960	1	other.other,0.000,0,0,957,1277,0.9945;	0.499843
714762207	1728	1296	1	vehicle.car,1.000,44,385,1120,1208,0.3954;	0.499848
715087912	1500	1500	2	vehicle.car,0.996,173,633,1222,1128,0.2308;vehicle.car,0.957,64,712,261,876,0.0144;	0.499848
718854948	1124	1124	3	vehicle.car,0.998,0,103,1012,1036,0.7474;other.sticker,0.994,727,0,1122,441,0.1379;other.text,0.981,40,909,165,997,0.0087;	0.499856
719334796	1436	1080	2	vehicle.car,1.000,0,224,1052,1341,0.7577;other.text,0.921,22,22,508,118,0.0301;	0.499862
712423584	1728	1728	2	vehicle.car,0.999,240,780,1303,1360,0.2065;person.body,0.823,321,830,429,992,0.0059;	0.499866
713261184	2016	1512	4	other.sticker,1.000,157,1284,673,1851,0.0960;other.sticker,0.995,630,1429,1004,1878,0.0551;other.sticker,0.979,1004,1528,1232,1819,0.0218;vehicle.car,0.841,0,217,1508,1339,0.5551;	0.499866
719032516	2080	1168	2	vehicle.car,1.000,37,727,1117,1564,0.3721;goods.bag,0.937,142,589,422,837,0.0286;	0.499867
717002643	1124	1500	1	other.other,0.000,0,0,1497,1122,0.9962;	0.499868
718162572	1500	1125	1	vehicle.car,1.000,62,328,1049,896,0.3322;	0.499872
719778077	1500	1125	1	other.other,0.000,0,0,1122,1497,0.9953;	0.499874
717002677	1124	1500	2	vehicle.car,0.931,53,53,1497,1084,0.8830;other.sticker,0.888,26,12,267,334,0.0460;	0.499877
715591879	1016	726	3	vehicle.car,0.993,16,48,683,776,0.6583;other.text,0.943,260,568,504,675,0.0354;other.logo,0.886,238,488,496,653,0.0577;	0.499881
715700257	1776	1000	1	vehicle.car,1.000,108,427,878,1075,0.2809;	0.499885
717011413	1124	1124	1	vehicle.car,0.994,0,11,1078,986,0.8319;	0.499885
721290543	1500	1500	2	vehicle.car,1.000,12,756,899,1151,0.1557;vehicle.car,0.993,750,753,1412,1078,0.0956;	0.499887
713369940	1280	960	4	vehicle.car,0.999,20,317,917,1222,0.6606;other.text,0.983,50,630,295,762,0.0263;other.text,0.883,377,97,452,172,0.0046;vehicle.car,0.807,107,400,837,652,0.1497;	0.499887
721198381	1124	1124	2	vehicle.car,1.000,123,171,1069,898,0.5444;other.logo,0.838,790,643,948,735,0.0115;	0.49989
711832149	972	1296	2	vehicle.car,0.999,142,149,1147,909,0.6063;other.sticker,0.960,532,524,947,883,0.1183;	0.499897
714578002	960	960	1	vehicle.car,0.951,169,441,859,831,0.2920;	0.499901
714578319	960	960	1	vehicle.car,0.951,169,441,859,831,0.2920;	0.499901
717002940	1124	1500	3	other.sticker,0.953,771,23,1160,322,0.0690;vehicle.car,0.903,67,23,1421,1049,0.8240;other.sticker,0.885,26,12,267,337,0.0465;	0.499901
717003344	1124	1500	3	other.sticker,0.953,771,23,1160,322,0.0690;vehicle.car,0.903,67,23,1421,1049,0.8240;other.sticker,0.885,26,12,267,337,0.0465;	0.499901
713428363	1500	1125	5	person.body,0.999,0,190,501,1266,0.3195;goods.clothes,0.997,38,410,407,735,0.0711;goods.clothes,0.993,97,756,378,1195,0.0731;vehicle.car,0.988,267,272,1069,1119,0.4025;other.sticker,0.866,50,155,334,472,0.0533;	0.499908
713626922	1122	1122	2	vehicle.car,0.998,167,348,881,1052,0.3993;other.sticker,0.971,399,18,721,316,0.0762;	0.499908
720773493	1728	1296	3	vehicle.car,0.998,20,601,253,810,0.0217;vehicle.car,0.988,375,550,1235,1181,0.2423;goods.other,0.919,557,27,918,415,0.0625;	0.499912
719951316	1500	1124	2	vehicle.car,0.995,64,258,1075,817,0.3352;other.text,0.977,636,448,964,563,0.0224;	0.499913
712264322	1728	1296	1	vehicle.car,0.987,47,405,1070,1154,0.3421;	0.499914
714432736	1280	960	1	vehicle.car,0.996,217,317,887,885,0.3097;	0.499914
720861484	640	480	1	vehicle.car,1.000,10,129,460,477,0.5098;	0.499914
717676426	960	1278	1	other.other,0.000,0,0,1276,956,0.9943;	0.499916
715654067	1125	1500	1	vehicle.car,1.000,0,205,1257,847,0.4782;	0.499916
713227042	960	960	2	vehicle.car,0.999,146,238,684,787,0.3205;vehicle.car,0.996,547,253,797,409,0.0423;	0.499917
719269378	1124	1124	4	vehicle.car,1.000,64,151,1122,931,0.6532;other.text,0.927,373,48,775,213,0.0525;other.text,0.900,268,108,360,182,0.0054;other.text,0.815,61,81,226,162,0.0106;	0.49992
716166689	1608	1608	2	vehicle.car,1.000,521,835,1313,1470,0.1945;other.text,0.843,810,1219,1049,1344,0.0116;	0.499922
713468289	960	1280	1	other.other,0.000,0,0,1277,957,0.9945;	0.499924
715456979	448	800	4	vehicle.car,0.999,8,66,406,434,0.4087;person.body,0.998,645,67,763,270,0.0668;person.body,0.989,413,42,519,334,0.0864;goods.clothes,0.944,395,83,489,203,0.0315;	0.499929
720148395	1728	1296	4	other.sticker,1.000,30,138,459,621,0.0925;other.sticker,0.994,925,1340,1245,1725,0.0550;vehicle.car,0.977,159,425,1232,1390,0.4624;other.sticker,0.915,132,1313,493,1664,0.0566;	0.499929
718719600	1728	1296	2	vehicle.car,0.983,111,253,1208,1239,0.4830;other.text,0.900,516,1009,726,1131,0.0114;	0.499932
715925994	1280	960	1	vehicle.car,1.000,115,305,887,965,0.4146;	0.499935
718170049	1280	960	2	other.sticker,0.997,182,880,595,1155,0.0924;vehicle.car,0.989,0,260,957,1072,0.6324;	0.499937
716315379	1124	1124	1	vehicle.car,0.999,248,178,1084,801,0.4123;	0.499941
714374320	1280	960	3	vehicle.car,0.998,175,205,762,800,0.2842;vehicle.car,0.995,795,242,937,370,0.0148;vehicle.car,0.935,17,232,205,390,0.0242;	0.499942
720878663	1500	1124	4	vehicle.car,0.998,0,229,1122,976,0.4971;other.logo,0.993,469,729,636,853,0.0123;other.sticker,0.938,173,1181,820,1456,0.1055;other.text,0.803,425,990,674,1096,0.0157;	0.499942
715939673	1280	960	2	vehicle.car,1.000,72,265,877,940,0.4422;vehicle.car,0.822,60,317,267,422,0.0177;	0.499943
718158864	1122	1122	3	vehicle.car,0.993,182,302,881,826,0.2910;other.text,0.984,383,714,570,778,0.0095;other.logo,0.802,760,0,925,110,0.0144;	0.499946
716516832	1500	1124	4	vehicle.car,1.000,18,460,1090,1263,0.5106;vehicle.car,0.941,932,463,1099,633,0.0168;vehicle.car,0.842,32,431,293,598,0.0259;other.text,0.802,539,1078,753,1192,0.0145;	0.499949
712865200	1500	1124	3	other.sticker,0.999,117,35,633,413,0.1157;vehicle.car,0.999,111,311,1020,932,0.3348;vehicle.car,0.990,15,401,196,650,0.0267;	0.499949
716538861	1728	1296	1	vehicle.car,0.998,81,584,1242,1488,0.4687;	0.499951
717003233	1125	1125	1	vehicle.car,0.998,0,211,1063,734,0.4393;	0.499953
711814324	1728	1296	3	vehicle.car,0.998,179,472,1043,1033,0.2164;vehicle.car,0.973,0,368,550,847,0.1176;other.sticker,0.847,263,699,601,1120,0.0635;	0.499953
715931805	1280	960	3	vehicle.car,1.000,70,310,792,945,0.3731;other.text,0.976,80,155,270,240,0.0131;vehicle.car,0.912,0,372,142,517,0.0168;	0.499957
721364613	1280	960	4	person.body,0.998,185,332,345,852,0.0677;vehicle.car,0.990,300,412,862,855,0.2026;person.body,0.956,752,362,855,625,0.0220;goods.clothes,0.829,220,517,302,777,0.0174;	0.499959
712046441	1500	1125	1	vehicle.car,0.985,0,0,1122,1069,0.7108;	0.499961
712231299	1558	1124	2	vehicle.car,0.969,0,481,840,1305,0.3953;person.body,0.864,730,383,907,1299,0.0926;	0.499961
721509209	1280	1280	1	vehicle.car,0.992,437,670,1142,1235,0.2431;	0.499964
721277092	1500	1125	3	vehicle.car,0.993,76,416,1025,1494,0.6062;other.text,0.977,410,1204,756,1304,0.0205;other.other,0.938,469,773,656,920,0.0163;	0.499964
719567841	1125	1125	1	vehicle.car,1.000,160,360,883,846,0.2776;	0.499966
719351177	1500	1125	1	other.other,0.000,0,0,1122,1497,0.9953;	0.499966
714326180	1280	962	2	vehicle.car,1.000,152,547,847,860,0.1767;other.sticker,0.991,27,1022,212,1200,0.0267;	0.499968
716285061	856	640	5	vehicle.car,0.999,304,202,632,560,0.2143;person.body,0.996,0,199,140,553,0.0905;person.body,0.996,269,159,358,455,0.0481;person.body,0.987,124,326,229,565,0.0458;other.sticker,0.912,461,35,614,107,0.0201;	0.499972
717010991	1124	1124	2	vehicle.car,0.957,7,173,1115,1067,0.7841;other.text,0.865,562,235,825,323,0.0183;	0.499972
719332726	1436	1080	1	vehicle.car,0.995,115,137,1080,1127,0.6160;	0.499972
712259861	1728	1296	1	vehicle.car,0.994,64,364,1077,1181,0.3696;	0.49997
719672631	1500	1125	3	vehicle.car,1.000,21,193,1122,1034,0.5487;other.text,0.999,23,1210,788,1453,0.1102;goods.clothes,0.933,885,882,1090,1251,0.0448;	0.499977
719392338	1124	1124	2	vehicle.car,1.000,182,345,863,999,0.3525;other.text,0.949,492,762,757,876,0.0239;	0.499978
712821027	1500	1124	3	vehicle.car,0.994,15,574,1052,1497,0.5677;other.logo,0.985,422,683,557,812,0.0103;other.text,0.959,264,0,516,261,0.0390;	0.499982
719557912	1500	1125	6	other.sticker,0.997,120,1292,469,1456,0.0339;vehicle.car,0.987,0,179,1058,1187,0.6320;other.logo,0.981,565,697,718,844,0.0133;other.logo,0.945,445,29,630,152,0.0135;other.text,0.899,539,1014,826,1166,0.0259;other.text,0.860,618,1151,1122,1438,0.0857;	0.499982
720740057	1500	1124	1	vehicle.car,0.995,79,217,987,1072,0.4605;	0.499984
715050069	1000	750	1	vehicle.car,1.000,143,96,643,391,0.1967;	0.499986
712289009	1728	1296	1	vehicle.car,1.000,67,516,1056,1185,0.2954;	0.499987
721041523	1500	1125	2	vehicle.car,0.995,23,146,979,756,0.3456;other.logo,0.983,340,521,513,650,0.0132;	0.499987
721369073	1280	960	3	vehicle.car,0.992,137,202,820,915,0.3963;other.text,0.887,277,35,957,430,0.2186;other.text,0.850,677,55,920,175,0.0237;	0.499987
713238617	1500	1125	2	vehicle.car,0.961,188,252,1022,1040,0.3894;vehicle.car,0.924,917,308,1061,428,0.0102;	0.499989
715693556	1125	1125	1	vehicle.car,0.869,26,101,1121,800,0.6048;	0.499985
715390707	1440	1080	1	vehicle.car,0.952,0,22,1066,889,0.5943;	0.499991
716504370	1440	1080	1	vehicle.car,1.000,25,118,1038,1181,0.6924;	0.499992
719504985	1125	1125	9	other.sticker,0.999,20,116,294,442,0.0706;vehicle.car,0.998,211,321,896,910,0.3188;other.sticker,0.997,809,143,1110,514,0.0882;goods.clothes,0.987,866,560,1055,837,0.0414;person.body,0.984,815,147,1116,1011,0.2055;goods.clothes,0.973,66,527,207,883,0.0397;goods.shoe,0.969,81,791,198,918,0.0117;person.body,0.947,26,136,275,903,0.1509;goods.clothes,0.830,861,352,1085,653,0.0533;	0.499992
719081510	1280	960	2	vehicle.car,1.000,37,115,750,900,0.4555;goods.book,0.899,245,50,450,205,0.0259;	0.499996
713668789	2080	1176	2	vehicle.car,1.000,378,605,1072,1215,0.1731;goods.shoe,0.994,150,1556,524,1893,0.0515;	0.499997
720022080	800	450	1	vehicle.car,0.998,25,223,419,555,0.3634;	0.499998
718414474	2160	1620	3	other.text,0.955,76,131,1093,422,0.0846;other.sticker,0.954,928,89,1536,595,0.0879;vehicle.car,0.928,68,447,1616,1455,0.4459;	0.499999
713022972	982	960	3	other.sticker,1.000,654,700,903,980,0.0740;vehicle.car,0.997,90,253,761,756,0.3580;person.body,0.889,685,261,784,644,0.0402;	0.506365
717743682	810	1080	1	other.other,0.000,0,0,1078,808,0.9957;	0.542204
714442273	1500	1124	1	vehicle.car,0.937,170,674,1020,1181,0.2556;	0.553601
718900654	960	720	5	vehicle.car,0.999,9,336,527,892,0.4167;other.sticker,0.990,564,157,699,330,0.0338;person.body,0.965,474,281,607,660,0.0729;other.logo,0.935,615,22,705,116,0.0122;other.text,0.827,540,853,701,924,0.0165;	0.55616
712189929	960	1280	1	other.other,0.000,0,0,1277,957,0.9945;	0.568478
711908605	1920	1080	1	vehicle.car,0.996,172,705,979,1192,0.1895;	0.597888
718887081	960	1278	3	other.text,0.980,25,195,367,407,0.0591;other.text,0.964,349,197,641,377,0.0428;other.text,0.949,681,210,891,392,0.0312;	0.609353
716894816	1500	1124	1	vehicle.car,0.997,313,601,1081,1389,0.3589;	0.610167
712782879	960	1280	1	other.other,0.000,0,0,1277,957,0.9945;	0.613253
714363241	606	1080	1	vehicle.car,0.991,139,15,1015,591,0.7710;	0.622299
719362419	1125	1500	1	other.other,0.000,0,0,1497,1122,0.9953;	0.62255
712999697	960	1280	2	vehicle.car,1.000,267,315,992,910,0.3511;person.body,0.970,1190,200,1277,717,0.0366;	0.6262
711812665	1440	1080	1	other.other,0.000,0,0,1077,1437,0.9951;	0.632795
719297980	1278	960	4	vehicle.car,0.992,5,379,834,1028,0.4385;other.sticker,0.981,609,317,931,686,0.0968;other.logo,0.962,447,664,584,834,0.0190;vehicle.car,0.954,0,429,482,587,0.0621;	0.64053
715730076	972	1296	1	vehicle.car,1.000,28,94,1243,630,0.5170;	0.642414
716773709	1500	1125	2	vehicle.car,0.994,64,357,1049,1254,0.5236;other.logo,0.817,747,1222,1081,1465,0.0481;	0.656083
720150318	1125	1125	1	vehicle.car,1.000,40,426,951,925,0.3592;	0.661951
720441022	728	1296	2	vehicle.car,1.000,185,127,1177,585,0.4815;other.text,0.817,602,514,1099,668,0.0811;	0.670191
713190078	1500	1071	3	vehicle.car,1.000,79,735,791,1430,0.3080;vehicle.car,0.998,249,50,967,773,0.3231;other.sticker,0.946,718,79,911,299,0.0264;	0.682158
714438632	1500	1124	2	other.sticker,0.969,639,1210,955,1474,0.0495;vehicle.car,0.933,29,647,1017,1146,0.2924;	0.699309
711867662	494	720	4	vehicle.car,0.997,121,156,690,449,0.4687;vehicle.car,0.985,593,107,675,181,0.0171;other.text,0.954,550,394,652,458,0.0184;other.text,0.874,82,69,142,197,0.0216;	0.69941
711745432	1125	1500	1	vehicle.car,0.992,15,226,1444,943,0.6072;	0.703567
719445286	552	640	2	vehicle.car,0.967,20,107,639,537,0.7534;other.text,0.962,361,169,452,275,0.0273;	0.706304
712025500	2560	4551	2	vehicle.car,0.995,0,204,3893,2302,0.7010;vehicle.car,0.915,3689,427,4187,827,0.0171;	0.722432
713515396	1500	1124	2	person.body,0.992,202,530,384,1084,0.0598;vehicle.car,0.891,299,592,1122,1204,0.2987;	0.730974
720149577	1080	810	3	other.sticker,0.995,382,84,677,369,0.0961;other.text,0.955,386,485,496,610,0.0157;vehicle.car,0.859,32,165,808,922,0.6715;	0.752759
713091292	1500	1125	2	vehicle.car,0.997,47,199,1081,1283,0.6642;other.text,0.923,894,1008,1110,1146,0.0177;	0.759848
714566108	1920	1080	1	vehicle.car,1.000,0,960,979,1515,0.2620;	0.780019
718154306	1920	1080	1	vehicle.car,1.000,0,960,979,1515,0.2620;	0.780019
713574572	1125	1500	2	vehicle.car,1.000,18,308,1301,1017,0.5391;other.logo,0.991,1022,683,1204,876,0.0208;	0.780111
715784543	607	1080	1	other.other,0.000,0,0,1078,605,0.9949;	0.806345
714485076	960	1280	2	vehicle.car,1.000,97,120,1267,957,0.7969;other.logo,0.808,1015,222,1197,400,0.0264;	0.812967
718291279	639	639	2	other.sticker,0.999,398,337,629,614,0.1567;vehicle.car,0.998,14,167,597,502,0.4783;	0.824214
719616447	1012	1800	1	vehicle.car,0.995,112,369,1614,1009,0.5277;	0.826285
713016262	1500	1125	4	vehicle.car,0.998,9,650,829,1236,0.2848;vehicle.car,0.955,891,812,1061,964,0.0153;other.text,0.941,855,67,1040,243,0.0193;person.body,0.902,709,650,855,964,0.0272;	0.827164
716432538	1500	1124	3	vehicle.car,0.999,18,378,803,1345,0.4502;other.sticker,0.998,59,32,425,425,0.0853;vehicle.car,0.872,776,489,999,677,0.0249;	0.842384
719361285	1125	1500	1	other.other,0.000,0,0,1497,1122,0.9953;	0.849221
716664630	852	640	1	other.logo,0.822,329,346,468,498,0.0387;	0.851287
715773272	607	1080	1	vehicle.car,1.000,105,30,970,449,0.5529;	0.853917
721128947	1500	1124	1	vehicle.car,0.996,123,779,1017,1228,0.2381;	0.85935
719470882	1920	1080	1	vehicle.car,0.986,19,911,1076,1627,0.3650;	0.861715
714668201	1139	1140	2	vehicle.car,0.998,0,343,911,808,0.3262;other.text,0.992,163,808,1046,882,0.0503;	0.869244
712188269	600	800	1	other.text,0.981,33,386,584,517,0.1504;	0.87248
717159382	1124	1500	2	other.text,0.982,548,612,674,771,0.0119;other.text,0.959,179,586,302,759,0.0126;	0.873449
716300851	1500	1124	2	vehicle.car,0.999,275,454,1104,1292,0.4120;person.body,0.804,135,551,331,1025,0.0551;	0.877843
714066131	960	1280	1	other.other,0.000,0,0,1277,957,0.9945;	0.881173
719196250	960	639	1	vehicle.car,0.971,39,491,617,864,0.3515;	0.893795
719036530	1500	1126	1	vehicle.car,0.999,53,557,1110,1242,0.4287;	0.895175
713083236	720	1280	2	person.body,0.986,432,210,577,445,0.0370;vehicle.car,0.962,95,332,1150,717,0.4407;	0.904407
714387193	1124	1500	2	vehicle.car,0.998,59,138,984,1049,0.4998;person.body,0.805,407,35,527,270,0.0167;	0.905296
715446057	348	468	1	vehicle.car,1.000,12,72,435,234,0.4208;	0.908644
719947653	800	1200	2	vehicle.car,0.998,260,127,1146,544,0.3849;vehicle.car,0.973,16,187,457,466,0.1282;	0.913627
712880617	648	1152	1	vehicle.car,1.000,0,146,1084,540,0.5721;	0.915217
713950403	1136	640	4	other.text,0.996,368,697,588,781,0.0254;vehicle.car,0.988,2,468,617,701,0.1971;other.text,0.970,44,135,322,226,0.0348;other.text,0.899,69,726,153,797,0.0082;	0.916786
713654450	1124	1500	3	vehicle.car,0.998,67,220,1494,1122,0.7634;other.sticker,0.997,1034,173,1409,554,0.0847;other.text,0.954,560,23,750,149,0.0142;	0.922881
715878665	1304	960	5	person.body,1.000,87,530,385,1189,0.1569;vehicle.car,0.999,252,542,937,1118,0.3152;other.text,0.993,51,117,280,285,0.0307;goods.clothes,0.966,125,634,326,856,0.0356;other.text,0.829,298,158,392,283,0.0094;	0.927539
712810647	972	1296	1	other.other,0.000,0,0,1293,969,0.9946;	0.931502
716349695	960	1280	1	other.other,0.000,0,0,1277,957,0.9945;	0.931791
716779838	1500	1125	1	other.other,0.000,0,0,1122,1497,0.9953;	0.932895
719603654	1124	1602	5	vehicle.car,0.999,113,447,1264,1079,0.4040;person.body,0.997,1101,397,1311,1008,0.0713;other.text,0.985,34,53,679,310,0.0921;goods.clothes,0.953,1105,494,1258,779,0.0242;other.text,0.944,1342,754,1492,1045,0.0242;	0.933847
715106130	1500	1124	4	other.sticker,0.992,688,940,1122,1257,0.0816;vehicle.car,0.974,9,319,1008,1307,0.5854;vehicle.car,0.951,580,425,814,618,0.0268;vehicle.car,0.890,932,527,1090,697,0.0159;	0.934574
721209271	972	1296	1	other.other,0.000,0,0,1293,969,0.9946;	0.945593
713226614	852	1280	1	vehicle.car,0.999,220,310,822,772,0.2550;	0.946907
720122229	1124	1124	3	vehicle.car,1.000,0,558,1010,1058,0.3997;person.body,0.987,610,494,766,762,0.0331;other.sticker,0.863,885,536,1074,727,0.0286;	0.962681
717822612	960	1280	1	other.other,0.000,0,0,1277,957,0.9945;	0.964937
718120745	722	1080	2	vehicle.car,0.999,143,93,962,610,0.5430;other.text,0.835,30,0,207,114,0.0259;	0.969355
719347824	1125	1500	1	vehicle.car,1.000,293,243,1453,923,0.4674;	0.970152
713425174	850	1280	1	vehicle.car,1.000,140,172,1207,640,0.4590;	0.974524
712074148	1125	1686	1	vehicle.car,1.000,533,296,1541,906,0.3242;	0.975522
719194130	960	639	1	vehicle.car,0.971,37,486,624,864,0.3617;	0.976475
716377597	1124	1687	2	vehicle.car,0.993,619,336,1499,863,0.2446;vehicle.car,0.916,395,590,590,728,0.0142;	0.981851
712891781	1124	1688	1	vehicle.car,1.000,554,280,1553,867,0.3091;	0.988483
716476173	734	1080	2	vehicle.car,0.998,257,369,848,694,0.2423;other.text,0.990,757,84,1029,386,0.1036;	0.989045
716307233	680	1024	1	vehicle.car,0.974,130,176,914,578,0.4526;	0.989238
720173418	1124	1686	4	vehicle.car,1.000,109,418,1268,1129,0.4348;person.body,0.979,886,329,1162,741,0.0600;other.text,0.973,36,0,484,464,0.1097;other.text,0.967,109,468,415,586,0.0191;	0.989346
717704066	956	1276	1	vehicle.car,1.000,339,299,1209,780,0.3430;	0.992514
717204519	606	1080	3	vehicle.car,1.000,0,224,656,515,0.2917;other.text,0.981,0,165,325,228,0.0313;person.body,0.845,958,188,1078,494,0.0561;	0.99304
712557498	1920	1080	3	other.sticker,0.994,356,64,746,334,0.0508;vehicle.car,0.989,7,724,1057,1432,0.3585;other.sticker,0.968,424,1252,907,1717,0.1083;	0.995487
719471858	1124	1686	4	other.text,0.996,13,102,504,408,0.0793;vehicle.car,0.978,290,389,1317,1103,0.3869;person.body,0.936,1268,277,1482,1024,0.0844;other.text,0.879,1498,833,1600,1044,0.0114;	0.996572
715547491	606	1080	3	vehicle.car,0.998,207,259,937,534,0.3067;other.logo,0.958,215,407,331,519,0.0199;other.logo,0.945,724,392,852,491,0.0194;	0.999531